GRT_LABELLED_CLASSIFICATION_DATA_FILE_V1.0
DatasetName: WiiAccData
InfoText: A recording of closed and open hand using magnetics gloves
NumDimensions: 3
TotalNumTrainingExamples: 2000
NumberOfClasses: 2
ClassIDsAndCounters: 
1	1000	NOT_SET
2	1000	NOT_SET
UseExternalRanges: 0
LabelledTrainingData:
1	487.500000	-84.937500	-64.750000
1	487.500000	-84.937500	-64.750000
1	487.500000	-84.937500	-64.750000
1	487.500000	-84.937500	-64.750000
1	487.500000	-84.937500	-64.750000
1	487.500000	-84.937500	-64.750000
1	487.500000	-84.937500	-64.750000
1	487.500000	-84.937500	-64.750000
1	487.500000	-84.937500	-64.750000
1	487.500000	-84.937500	-64.750000
1	487.500000	-84.937500	-64.750000
1	487.500000	-84.937500	-64.750000
1	487.500000	-84.937500	-64.750000
1	487.500000	-84.937500	-64.750000
1	487.500000	-84.937500	-64.750000
1	486.375000	-84.250000	-65.562500
1	486.375000	-84.250000	-65.562500
1	486.375000	-84.250000	-65.562500
1	486.375000	-84.250000	-65.562500
1	486.375000	-84.250000	-65.562500
1	486.375000	-84.250000	-65.562500
1	486.375000	-84.250000	-65.562500
1	486.375000	-84.250000	-65.562500
1	486.375000	-84.250000	-65.562500
1	486.375000	-84.250000	-65.562500
1	486.375000	-84.250000	-65.562500
1	486.375000	-84.250000	-65.562500
1	486.375000	-84.250000	-65.562500
1	486.375000	-84.250000	-65.562500
1	486.375000	-84.250000	-65.562500
1	486.375000	-84.250000	-65.562500
1	486.375000	-84.250000	-65.562500
1	486.375000	-84.250000	-65.562500
1	486.375000	-84.250000	-65.562500
1	486.375000	-84.250000	-65.562500
1	486.375000	-84.250000	-65.562500
1	486.375000	-84.250000	-65.562500
1	486.375000	-84.250000	-65.562500
1	486.375000	-84.250000	-65.562500
1	486.375000	-84.250000	-65.562500
1	486.375000	-84.250000	-65.562500
1	486.375000	-84.250000	-65.562500
1	486.375000	-84.250000	-65.562500
1	486.375000	-84.250000	-65.562500
1	486.375000	-84.250000	-65.562500
1	486.375000	-83.875000	-65.187500
1	486.375000	-83.875000	-65.187500
1	486.375000	-83.875000	-65.187500
1	486.375000	-83.875000	-65.187500
1	486.375000	-83.875000	-65.187500
1	486.375000	-83.875000	-65.187500
1	486.375000	-83.875000	-65.187500
1	486.375000	-83.875000	-65.187500
1	486.375000	-83.875000	-65.187500
1	486.375000	-83.875000	-65.187500
1	486.375000	-83.875000	-65.187500
1	486.375000	-83.875000	-65.187500
1	486.375000	-83.875000	-65.187500
1	486.375000	-83.875000	-65.187500
1	486.375000	-83.875000	-65.187500
1	486.375000	-83.875000	-65.187500
1	486.375000	-83.875000	-65.187500
1	486.375000	-83.875000	-65.187500
1	486.375000	-83.875000	-65.187500
1	486.375000	-83.875000	-65.187500
1	486.375000	-83.875000	-65.187500
1	486.375000	-83.875000	-65.187500
1	486.375000	-83.875000	-65.187500
1	486.375000	-83.875000	-65.187500
1	486.375000	-83.875000	-65.187500
1	486.375000	-83.875000	-65.187500
1	486.375000	-83.875000	-65.187500
1	486.375000	-83.875000	-65.187500
1	486.375000	-83.875000	-65.187500
1	486.375000	-83.875000	-65.187500
1	486.375000	-83.875000	-65.187500
1	487.500000	-83.875000	-64.750000
1	487.500000	-83.875000	-64.750000
1	487.500000	-83.875000	-64.750000
1	487.500000	-83.875000	-64.750000
1	487.500000	-83.875000	-64.750000
1	487.500000	-83.875000	-64.750000
1	487.500000	-83.875000	-64.750000
1	487.500000	-83.875000	-64.750000
1	487.500000	-83.875000	-64.750000
1	487.500000	-83.875000	-64.750000
1	487.500000	-83.875000	-64.750000
1	487.500000	-83.875000	-64.750000
1	487.500000	-83.875000	-64.750000
1	487.500000	-83.875000	-64.750000
1	487.500000	-83.875000	-64.750000
1	487.500000	-83.875000	-64.750000
1	487.500000	-83.875000	-64.750000
1	487.500000	-83.875000	-64.750000
1	487.500000	-83.875000	-64.750000
1	487.500000	-83.875000	-64.750000
1	487.500000	-83.875000	-64.750000
1	487.500000	-83.875000	-64.750000
1	487.500000	-83.875000	-64.750000
1	487.500000	-83.875000	-64.750000
1	487.500000	-83.875000	-64.750000
1	487.500000	-83.875000	-64.750000
1	487.500000	-83.875000	-64.750000
1	487.500000	-83.875000	-64.750000
1	487.500000	-83.875000	-64.750000
1	485.625000	-84.937500	-65.562500
1	485.625000	-84.937500	-65.562500
1	485.625000	-84.937500	-65.562500
1	485.625000	-84.937500	-65.562500
1	485.625000	-84.937500	-65.562500
1	485.625000	-84.937500	-65.562500
1	485.625000	-84.937500	-65.562500
1	485.625000	-84.937500	-65.562500
1	485.625000	-84.937500	-65.562500
1	485.625000	-84.937500	-65.562500
1	485.625000	-84.937500	-65.562500
1	485.625000	-84.937500	-65.562500
1	485.625000	-84.937500	-65.562500
1	485.625000	-84.937500	-65.562500
1	485.625000	-84.937500	-65.562500
1	485.625000	-84.937500	-65.562500
1	485.625000	-84.937500	-65.562500
1	485.625000	-84.937500	-65.562500
1	485.625000	-84.937500	-65.562500
1	485.625000	-84.937500	-65.562500
1	485.625000	-84.937500	-65.562500
1	485.625000	-84.937500	-65.562500
1	485.625000	-84.937500	-65.562500
1	485.625000	-84.937500	-65.562500
1	485.625000	-84.937500	-65.562500
1	485.625000	-84.937500	-65.562500
1	485.625000	-84.937500	-65.562500
1	485.625000	-84.937500	-65.562500
1	485.625000	-84.937500	-65.562500
1	485.625000	-84.937500	-65.562500
1	485.625000	-84.937500	-65.562500
1	487.125000	-84.250000	-64.375000
1	487.125000	-84.250000	-64.375000
1	487.125000	-84.250000	-64.375000
1	487.125000	-84.250000	-64.375000
1	487.125000	-84.250000	-64.375000
1	487.125000	-84.250000	-64.375000
1	487.125000	-84.250000	-64.375000
1	487.125000	-84.250000	-64.375000
1	487.125000	-84.250000	-64.375000
1	487.125000	-84.250000	-64.375000
1	487.125000	-84.250000	-64.375000
1	487.125000	-84.250000	-64.375000
1	487.125000	-84.250000	-64.375000
1	487.125000	-84.250000	-64.375000
1	487.125000	-84.250000	-64.375000
1	487.125000	-84.250000	-64.375000
1	487.125000	-84.250000	-64.375000
1	487.125000	-84.250000	-64.375000
1	487.125000	-84.250000	-64.375000
1	487.125000	-84.250000	-64.375000
1	487.125000	-84.250000	-64.375000
1	487.125000	-84.250000	-64.375000
1	487.125000	-84.250000	-64.375000
1	487.125000	-84.250000	-64.375000
1	487.125000	-84.250000	-64.375000
1	487.125000	-84.250000	-64.375000
1	487.125000	-84.250000	-64.375000
1	487.125000	-84.250000	-64.375000
1	487.125000	-84.250000	-64.375000
1	487.125000	-84.250000	-64.375000
1	487.125000	-84.250000	-64.375000
1	486.750000	-84.250000	-65.187500
1	486.750000	-84.250000	-65.187500
1	486.750000	-84.250000	-65.187500
1	486.750000	-84.250000	-65.187500
1	486.750000	-84.250000	-65.187500
1	486.750000	-84.250000	-65.187500
1	486.750000	-84.250000	-65.187500
1	486.750000	-84.250000	-65.187500
1	486.750000	-84.250000	-65.187500
1	486.750000	-84.250000	-65.187500
1	486.750000	-84.250000	-65.187500
1	486.750000	-84.250000	-65.187500
1	486.750000	-84.250000	-65.187500
1	486.750000	-84.250000	-65.187500
1	486.750000	-84.250000	-65.187500
1	486.750000	-84.250000	-65.187500
1	486.750000	-84.250000	-65.187500
1	486.750000	-84.250000	-65.187500
1	486.750000	-84.250000	-65.187500
1	486.750000	-84.250000	-65.187500
1	486.750000	-84.250000	-65.187500
1	486.750000	-84.250000	-65.187500
1	486.750000	-84.250000	-65.187500
1	486.750000	-84.250000	-65.187500
1	486.750000	-84.250000	-65.187500
1	486.750000	-84.250000	-65.187500
1	486.750000	-84.250000	-65.187500
1	486.750000	-84.250000	-65.187500
1	486.750000	-84.250000	-65.187500
1	486.750000	-84.250000	-65.187500
1	486.750000	-84.250000	-65.187500
1	487.125000	-85.687500	-64.375000
1	487.125000	-85.687500	-64.375000
1	487.125000	-85.687500	-64.375000
1	487.125000	-85.687500	-64.375000
1	487.125000	-85.687500	-64.375000
1	487.125000	-85.687500	-64.375000
1	487.125000	-85.687500	-64.375000
1	487.125000	-85.687500	-64.375000
1	487.125000	-85.687500	-64.375000
1	487.125000	-85.687500	-64.375000
1	487.125000	-85.687500	-64.375000
1	487.125000	-85.687500	-64.375000
1	487.125000	-85.687500	-64.375000
1	487.125000	-85.687500	-64.375000
1	487.125000	-85.687500	-64.375000
1	487.125000	-85.687500	-64.375000
1	487.125000	-85.687500	-64.375000
1	487.125000	-85.687500	-64.375000
1	487.125000	-85.687500	-64.375000
1	487.125000	-85.687500	-64.375000
1	487.125000	-85.687500	-64.375000
1	487.125000	-85.687500	-64.375000
1	487.125000	-85.687500	-64.375000
1	487.125000	-85.687500	-64.375000
1	487.125000	-85.687500	-64.375000
1	487.125000	-85.687500	-64.375000
1	487.125000	-85.687500	-64.375000
1	487.125000	-85.687500	-64.375000
1	487.125000	-85.687500	-64.375000
1	487.125000	-85.687500	-64.375000
1	486.000000	-82.750000	-64.750000
1	486.000000	-82.750000	-64.750000
1	486.000000	-82.750000	-64.750000
1	486.000000	-82.750000	-64.750000
1	486.000000	-82.750000	-64.750000
1	486.000000	-82.750000	-64.750000
1	486.000000	-82.750000	-64.750000
1	486.000000	-82.750000	-64.750000
1	486.000000	-82.750000	-64.750000
1	486.000000	-82.750000	-64.750000
1	486.000000	-82.750000	-64.750000
1	486.000000	-82.750000	-64.750000
1	486.000000	-82.750000	-64.750000
1	486.000000	-82.750000	-64.750000
1	486.000000	-82.750000	-64.750000
1	486.000000	-82.750000	-64.750000
1	486.000000	-82.750000	-64.750000
1	486.000000	-82.750000	-64.750000
1	486.000000	-82.750000	-64.750000
1	486.000000	-82.750000	-64.750000
1	486.000000	-82.750000	-64.750000
1	486.000000	-82.750000	-64.750000
1	486.000000	-82.750000	-64.750000
1	486.000000	-82.750000	-64.750000
1	486.000000	-82.750000	-64.750000
1	486.000000	-82.750000	-64.750000
1	486.000000	-82.750000	-64.750000
1	486.000000	-82.750000	-64.750000
1	486.000000	-82.750000	-64.750000
1	486.000000	-82.750000	-64.750000
1	487.125000	-83.875000	-66.000000
1	487.125000	-83.875000	-66.000000
1	487.125000	-83.875000	-66.000000
1	487.125000	-83.875000	-66.000000
1	487.125000	-83.875000	-66.000000
1	487.125000	-83.875000	-66.000000
1	487.125000	-83.875000	-66.000000
1	487.125000	-83.875000	-66.000000
1	487.125000	-83.875000	-66.000000
1	487.125000	-83.875000	-66.000000
1	487.125000	-83.875000	-66.000000
1	487.125000	-83.875000	-66.000000
1	487.125000	-83.875000	-66.000000
1	487.125000	-83.875000	-66.000000
1	487.125000	-83.875000	-66.000000
1	487.125000	-83.875000	-66.000000
1	487.125000	-83.875000	-66.000000
1	487.125000	-83.875000	-66.000000
1	487.125000	-83.875000	-66.000000
1	487.125000	-83.875000	-66.000000
1	487.125000	-83.875000	-66.000000
1	487.125000	-83.875000	-66.000000
1	487.125000	-83.875000	-66.000000
1	487.125000	-83.875000	-66.000000
1	487.125000	-83.875000	-66.000000
1	487.125000	-83.875000	-66.000000
1	487.125000	-83.875000	-66.000000
1	487.125000	-83.875000	-66.000000
1	487.125000	-83.875000	-66.000000
1	487.125000	-83.875000	-66.000000
1	487.125000	-83.875000	-66.000000
1	488.250000	-86.812500	-64.375000
1	488.250000	-86.812500	-64.375000
1	488.250000	-86.812500	-64.375000
1	488.250000	-86.812500	-64.375000
1	488.250000	-86.812500	-64.375000
1	488.250000	-86.812500	-64.375000
1	488.250000	-86.812500	-64.375000
1	488.250000	-86.812500	-64.375000
1	488.250000	-86.812500	-64.375000
1	488.250000	-86.812500	-64.375000
1	488.250000	-86.812500	-64.375000
1	488.250000	-86.812500	-64.375000
1	488.250000	-86.812500	-64.375000
1	488.250000	-86.812500	-64.375000
1	488.250000	-86.812500	-64.375000
1	488.250000	-86.812500	-64.375000
1	488.250000	-86.812500	-64.375000
1	488.250000	-86.812500	-64.375000
1	488.250000	-86.812500	-64.375000
1	488.250000	-86.812500	-64.375000
1	488.250000	-86.812500	-64.375000
1	488.250000	-86.812500	-64.375000
1	488.250000	-86.812500	-64.375000
1	488.250000	-86.812500	-64.375000
1	488.250000	-86.812500	-64.375000
1	488.250000	-86.812500	-64.375000
1	488.250000	-86.812500	-64.375000
1	488.250000	-86.812500	-64.375000
1	488.250000	-86.812500	-64.375000
1	488.250000	-86.812500	-64.375000
1	488.250000	-86.812500	-64.375000
1	487.125000	-84.250000	-64.375000
1	487.125000	-84.250000	-64.375000
1	487.125000	-84.250000	-64.375000
1	487.125000	-84.250000	-64.375000
1	487.125000	-84.250000	-64.375000
1	487.125000	-84.250000	-64.375000
1	487.125000	-84.250000	-64.375000
1	487.125000	-84.250000	-64.375000
1	487.125000	-84.250000	-64.375000
1	487.125000	-84.250000	-64.375000
1	487.125000	-84.250000	-64.375000
1	487.125000	-84.250000	-64.375000
1	487.125000	-84.250000	-64.375000
1	487.125000	-84.250000	-64.375000
1	487.125000	-84.250000	-64.375000
1	487.125000	-84.250000	-64.375000
1	487.125000	-84.250000	-64.375000
1	487.125000	-84.250000	-64.375000
1	487.125000	-84.250000	-64.375000
1	487.125000	-84.250000	-64.375000
1	487.125000	-84.250000	-64.375000
1	487.125000	-84.250000	-64.375000
1	487.125000	-84.250000	-64.375000
1	487.125000	-84.250000	-64.375000
1	487.125000	-84.250000	-64.375000
1	487.125000	-84.250000	-64.375000
1	487.125000	-84.250000	-64.375000
1	487.125000	-84.250000	-64.375000
1	487.125000	-84.250000	-64.375000
1	487.125000	-84.250000	-64.375000
1	487.875000	-84.625000	-65.562500
1	487.875000	-84.625000	-65.562500
1	487.875000	-84.625000	-65.562500
1	487.875000	-84.625000	-65.562500
1	487.875000	-84.625000	-65.562500
1	487.875000	-84.625000	-65.562500
1	487.875000	-84.625000	-65.562500
1	487.875000	-84.625000	-65.562500
1	487.875000	-84.625000	-65.562500
1	487.875000	-84.625000	-65.562500
1	487.875000	-84.625000	-65.562500
1	487.875000	-84.625000	-65.562500
1	487.875000	-84.625000	-65.562500
1	487.875000	-84.625000	-65.562500
1	487.875000	-84.625000	-65.562500
1	487.875000	-84.625000	-65.562500
1	487.875000	-84.625000	-65.562500
1	487.875000	-84.625000	-65.562500
1	487.875000	-84.625000	-65.562500
1	487.875000	-84.625000	-65.562500
1	487.875000	-84.625000	-65.562500
1	487.875000	-84.625000	-65.562500
1	487.875000	-84.625000	-65.562500
1	487.875000	-84.625000	-65.562500
1	487.875000	-84.625000	-65.562500
1	487.875000	-84.625000	-65.562500
1	487.875000	-84.625000	-65.562500
1	487.875000	-84.625000	-65.562500
1	487.875000	-84.625000	-65.562500
1	487.875000	-84.625000	-65.562500
1	489.000000	-85.687500	-64.812500
1	489.000000	-85.687500	-64.812500
1	489.000000	-85.687500	-64.812500
1	489.000000	-85.687500	-64.812500
1	489.000000	-85.687500	-64.812500
1	489.000000	-85.687500	-64.812500
1	489.000000	-85.687500	-64.812500
1	489.000000	-85.687500	-64.812500
1	489.000000	-85.687500	-64.812500
1	489.000000	-85.687500	-64.812500
1	489.000000	-85.687500	-64.812500
1	489.000000	-85.687500	-64.812500
1	489.000000	-85.687500	-64.812500
1	489.000000	-85.687500	-64.812500
1	489.000000	-85.687500	-64.812500
1	489.000000	-85.687500	-64.812500
1	489.000000	-85.687500	-64.812500
1	489.000000	-85.687500	-64.812500
1	489.000000	-85.687500	-64.812500
1	489.000000	-85.687500	-64.812500
1	489.000000	-85.687500	-64.812500
1	489.000000	-85.687500	-64.812500
1	489.000000	-85.687500	-64.812500
1	489.000000	-85.687500	-64.812500
1	489.000000	-85.687500	-64.812500
1	489.000000	-85.687500	-64.812500
1	489.000000	-85.687500	-64.812500
1	489.000000	-85.687500	-64.812500
1	489.000000	-85.687500	-64.812500
1	489.000000	-85.687500	-64.812500
1	489.000000	-85.687500	-64.812500
1	487.125000	-85.687500	-64.375000
1	487.125000	-85.687500	-64.375000
1	487.125000	-85.687500	-64.375000
1	487.125000	-85.687500	-64.375000
1	487.125000	-85.687500	-64.375000
1	487.125000	-85.687500	-64.375000
1	487.125000	-85.687500	-64.375000
1	487.125000	-85.687500	-64.375000
1	487.125000	-85.687500	-64.375000
1	487.125000	-85.687500	-64.375000
1	487.125000	-85.687500	-64.375000
1	487.125000	-85.687500	-64.375000
1	487.125000	-85.687500	-64.375000
1	487.125000	-85.687500	-64.375000
1	487.125000	-85.687500	-64.375000
1	487.125000	-85.687500	-64.375000
1	487.125000	-85.687500	-64.375000
1	487.125000	-85.687500	-64.375000
1	487.125000	-85.687500	-64.375000
1	487.125000	-85.687500	-64.375000
1	487.125000	-85.687500	-64.375000
1	487.125000	-85.687500	-64.375000
1	487.125000	-85.687500	-64.375000
1	487.125000	-85.687500	-64.375000
1	487.125000	-85.687500	-64.375000
1	487.125000	-85.687500	-64.375000
1	487.125000	-85.687500	-64.375000
1	487.125000	-85.687500	-64.375000
1	487.125000	-85.687500	-64.375000
1	487.125000	-85.687500	-64.375000
1	487.125000	-85.687500	-64.375000
1	488.250000	-84.625000	-65.187500
1	488.250000	-84.625000	-65.187500
1	488.250000	-84.625000	-65.187500
1	488.250000	-84.625000	-65.187500
1	488.250000	-84.625000	-65.187500
1	488.250000	-84.625000	-65.187500
1	488.250000	-84.625000	-65.187500
1	488.250000	-84.625000	-65.187500
1	488.250000	-84.625000	-65.187500
1	488.250000	-84.625000	-65.187500
1	488.250000	-84.625000	-65.187500
1	488.250000	-84.625000	-65.187500
1	488.250000	-84.625000	-65.187500
1	488.250000	-84.625000	-65.187500
1	488.250000	-84.625000	-65.187500
1	488.250000	-84.625000	-65.187500
1	488.250000	-84.625000	-65.187500
1	488.250000	-84.625000	-65.187500
1	488.250000	-84.625000	-65.187500
1	488.250000	-84.625000	-65.187500
1	488.250000	-84.625000	-65.187500
1	488.250000	-84.625000	-65.187500
1	488.250000	-84.625000	-65.187500
1	488.250000	-84.625000	-65.187500
1	488.250000	-84.625000	-65.187500
1	488.250000	-84.625000	-65.187500
1	488.250000	-84.625000	-65.187500
1	488.250000	-84.625000	-65.187500
1	488.250000	-84.625000	-65.187500
1	488.250000	-84.625000	-65.187500
1	488.250000	-85.312500	-64.375000
1	488.250000	-85.312500	-64.375000
1	488.250000	-85.312500	-64.375000
1	488.250000	-85.312500	-64.375000
1	488.250000	-85.312500	-64.375000
1	488.250000	-85.312500	-64.375000
1	488.250000	-85.312500	-64.375000
1	488.250000	-85.312500	-64.375000
1	488.250000	-85.312500	-64.375000
1	488.250000	-85.312500	-64.375000
1	488.250000	-85.312500	-64.375000
1	488.250000	-85.312500	-64.375000
1	488.250000	-85.312500	-64.375000
1	488.250000	-85.312500	-64.375000
1	488.250000	-85.312500	-64.375000
1	488.250000	-85.312500	-64.375000
1	488.250000	-85.312500	-64.375000
1	488.250000	-85.312500	-64.375000
1	488.250000	-85.312500	-64.375000
1	488.250000	-85.312500	-64.375000
1	488.250000	-85.312500	-64.375000
1	488.250000	-85.312500	-64.375000
1	488.250000	-85.312500	-64.375000
1	488.250000	-85.312500	-64.375000
1	488.250000	-85.312500	-64.375000
1	488.250000	-85.312500	-64.375000
1	488.250000	-85.312500	-64.375000
1	488.250000	-85.312500	-64.375000
1	488.250000	-85.312500	-64.375000
1	488.250000	-85.312500	-64.375000
1	488.250000	-85.312500	-64.375000
1	487.500000	-84.937500	-64.000000
1	487.500000	-84.937500	-64.000000
1	487.500000	-84.937500	-64.000000
1	487.500000	-84.937500	-64.000000
1	487.500000	-84.937500	-64.000000
1	487.500000	-84.937500	-64.000000
1	487.500000	-84.937500	-64.000000
1	487.500000	-84.937500	-64.000000
1	487.500000	-84.937500	-64.000000
1	487.500000	-84.937500	-64.000000
1	487.500000	-84.937500	-64.000000
1	487.500000	-84.937500	-64.000000
1	487.500000	-84.937500	-64.000000
1	487.500000	-84.937500	-64.000000
1	487.500000	-84.937500	-64.000000
1	487.500000	-84.937500	-64.000000
1	487.500000	-84.937500	-64.000000
1	487.500000	-84.937500	-64.000000
1	487.500000	-84.937500	-64.000000
1	487.500000	-84.937500	-64.000000
1	487.500000	-84.937500	-64.000000
1	487.500000	-84.937500	-64.000000
1	487.500000	-84.937500	-64.000000
1	487.500000	-84.937500	-64.000000
1	487.500000	-84.937500	-64.000000
1	487.500000	-84.937500	-64.000000
1	487.500000	-84.937500	-64.000000
1	487.500000	-84.937500	-64.000000
1	487.500000	-84.937500	-64.000000
1	487.500000	-84.937500	-64.000000
1	487.500000	-84.937500	-64.000000
1	488.250000	-83.875000	-64.375000
1	488.250000	-83.875000	-64.375000
1	488.250000	-83.875000	-64.375000
1	488.250000	-83.875000	-64.375000
1	488.250000	-83.875000	-64.375000
1	488.250000	-83.875000	-64.375000
1	488.250000	-83.875000	-64.375000
1	488.250000	-83.875000	-64.375000
1	488.250000	-83.875000	-64.375000
1	488.250000	-83.875000	-64.375000
1	488.250000	-83.875000	-64.375000
1	488.250000	-83.875000	-64.375000
1	488.250000	-83.875000	-64.375000
1	488.250000	-83.875000	-64.375000
1	488.250000	-83.875000	-64.375000
1	488.250000	-83.875000	-64.375000
1	488.250000	-83.875000	-64.375000
1	488.250000	-83.875000	-64.375000
1	488.250000	-83.875000	-64.375000
1	488.250000	-83.875000	-64.375000
1	488.250000	-83.875000	-64.375000
1	488.250000	-83.875000	-64.375000
1	488.250000	-83.875000	-64.375000
1	488.250000	-83.875000	-64.375000
1	488.250000	-83.875000	-64.375000
1	488.250000	-83.875000	-64.375000
1	488.250000	-83.875000	-64.375000
1	488.250000	-83.875000	-64.375000
1	488.250000	-83.875000	-64.375000
1	488.250000	-83.875000	-64.375000
1	488.250000	-83.875000	-64.375000
1	488.625000	-84.250000	-64.000000
1	488.625000	-84.250000	-64.000000
1	488.625000	-84.250000	-64.000000
1	488.625000	-84.250000	-64.000000
1	488.625000	-84.250000	-64.000000
1	488.625000	-84.250000	-64.000000
1	488.625000	-84.250000	-64.000000
1	488.625000	-84.250000	-64.000000
1	488.625000	-84.250000	-64.000000
1	488.625000	-84.250000	-64.000000
1	488.625000	-84.250000	-64.000000
1	488.625000	-84.250000	-64.000000
1	488.625000	-84.250000	-64.000000
1	488.625000	-84.250000	-64.000000
1	488.625000	-84.250000	-64.000000
1	488.625000	-84.250000	-64.000000
1	488.625000	-84.250000	-64.000000
1	488.625000	-84.250000	-64.000000
1	488.625000	-84.250000	-64.000000
1	488.625000	-84.250000	-64.000000
1	488.625000	-84.250000	-64.000000
1	488.625000	-84.250000	-64.000000
1	488.625000	-84.250000	-64.000000
1	488.625000	-84.250000	-64.000000
1	488.625000	-84.250000	-64.000000
1	488.625000	-84.250000	-64.000000
1	488.625000	-84.250000	-64.000000
1	488.625000	-84.250000	-64.000000
1	488.625000	-84.250000	-64.000000
1	488.625000	-84.250000	-64.000000
1	487.875000	-83.125000	-65.187500
1	487.875000	-83.125000	-65.187500
1	487.875000	-83.125000	-65.187500
1	487.875000	-83.125000	-65.187500
1	487.875000	-83.125000	-65.187500
1	487.875000	-83.125000	-65.187500
1	487.875000	-83.125000	-65.187500
1	487.875000	-83.125000	-65.187500
1	487.875000	-83.125000	-65.187500
1	487.875000	-83.125000	-65.187500
1	487.875000	-83.125000	-65.187500
1	487.875000	-83.125000	-65.187500
1	487.875000	-83.125000	-65.187500
1	487.875000	-83.125000	-65.187500
1	487.875000	-83.125000	-65.187500
1	487.875000	-83.125000	-65.187500
1	487.875000	-83.125000	-65.187500
1	487.875000	-83.125000	-65.187500
1	487.875000	-83.125000	-65.187500
1	487.875000	-83.125000	-65.187500
1	487.875000	-83.125000	-65.187500
1	487.875000	-83.125000	-65.187500
1	487.875000	-83.125000	-65.187500
1	487.875000	-83.125000	-65.187500
1	487.875000	-83.125000	-65.187500
1	487.875000	-83.125000	-65.187500
1	487.875000	-83.125000	-65.187500
1	487.875000	-83.125000	-65.187500
1	487.875000	-83.125000	-65.187500
1	487.875000	-83.125000	-65.187500
1	487.875000	-83.125000	-65.187500
1	488.625000	-83.500000	-65.187500
1	488.625000	-83.500000	-65.187500
1	488.625000	-83.500000	-65.187500
1	488.625000	-83.500000	-65.187500
1	488.625000	-83.500000	-65.187500
1	488.625000	-83.500000	-65.187500
1	488.625000	-83.500000	-65.187500
1	488.625000	-83.500000	-65.187500
1	488.625000	-83.500000	-65.187500
1	488.625000	-83.500000	-65.187500
1	488.625000	-83.500000	-65.187500
1	488.625000	-83.500000	-65.187500
1	488.625000	-83.500000	-65.187500
1	488.625000	-83.500000	-65.187500
1	488.625000	-83.500000	-65.187500
1	488.625000	-83.500000	-65.187500
1	488.625000	-83.500000	-65.187500
1	488.625000	-83.500000	-65.187500
1	488.625000	-83.500000	-65.187500
1	488.625000	-83.500000	-65.187500
1	488.625000	-83.500000	-65.187500
1	488.625000	-83.500000	-65.187500
1	488.625000	-83.500000	-65.187500
1	488.625000	-83.500000	-65.187500
1	488.625000	-83.500000	-65.187500
1	488.625000	-83.500000	-65.187500
1	488.625000	-83.500000	-65.187500
1	488.625000	-83.500000	-65.187500
1	488.625000	-83.500000	-65.187500
1	488.625000	-83.500000	-65.187500
1	489.000000	-85.312500	-65.187500
1	489.000000	-85.312500	-65.187500
1	489.000000	-85.312500	-65.187500
1	489.000000	-85.312500	-65.187500
1	489.000000	-85.312500	-65.187500
1	489.000000	-85.312500	-65.187500
1	489.000000	-85.312500	-65.187500
1	489.000000	-85.312500	-65.187500
1	489.000000	-85.312500	-65.187500
1	489.000000	-85.312500	-65.187500
1	489.000000	-85.312500	-65.187500
1	489.000000	-85.312500	-65.187500
1	489.000000	-85.312500	-65.187500
1	489.000000	-85.312500	-65.187500
1	489.000000	-85.312500	-65.187500
1	489.000000	-85.312500	-65.187500
1	489.000000	-85.312500	-65.187500
1	489.000000	-85.312500	-65.187500
1	489.000000	-85.312500	-65.187500
1	489.000000	-85.312500	-65.187500
1	489.000000	-85.312500	-65.187500
1	489.000000	-85.312500	-65.187500
1	489.000000	-85.312500	-65.187500
1	489.000000	-85.312500	-65.187500
1	489.000000	-85.312500	-65.187500
1	489.000000	-85.312500	-65.187500
1	489.000000	-85.312500	-65.187500
1	489.000000	-85.312500	-65.187500
1	489.000000	-85.312500	-65.187500
1	489.000000	-85.312500	-65.187500
1	487.187500	-83.875000	-65.625000
1	487.187500	-83.875000	-65.625000
1	487.187500	-83.875000	-65.625000
1	487.187500	-83.875000	-65.625000
1	487.187500	-83.875000	-65.625000
1	487.187500	-83.875000	-65.625000
1	487.187500	-83.875000	-65.625000
1	487.187500	-83.875000	-65.625000
1	487.187500	-83.875000	-65.625000
1	487.187500	-83.875000	-65.625000
1	487.187500	-83.875000	-65.625000
1	487.187500	-83.875000	-65.625000
1	487.187500	-83.875000	-65.625000
1	487.187500	-83.875000	-65.625000
1	487.187500	-83.875000	-65.625000
1	487.187500	-83.875000	-65.625000
1	487.187500	-83.875000	-65.625000
1	487.187500	-83.875000	-65.625000
1	487.187500	-83.875000	-65.625000
1	487.187500	-83.875000	-65.625000
1	487.187500	-83.875000	-65.625000
1	487.187500	-83.875000	-65.625000
1	487.187500	-83.875000	-65.625000
1	487.187500	-83.875000	-65.625000
1	487.187500	-83.875000	-65.625000
1	487.187500	-83.875000	-65.625000
1	487.187500	-83.875000	-65.625000
1	487.187500	-83.875000	-65.625000
1	487.187500	-83.875000	-65.625000
1	487.187500	-83.875000	-65.625000
1	487.187500	-83.875000	-65.625000
1	487.500000	-85.312500	-64.000000
1	487.500000	-85.312500	-64.000000
1	487.500000	-85.312500	-64.000000
1	487.500000	-85.312500	-64.000000
1	487.500000	-85.312500	-64.000000
1	487.500000	-85.312500	-64.000000
1	487.500000	-85.312500	-64.000000
1	487.500000	-85.312500	-64.000000
1	487.500000	-85.312500	-64.000000
1	487.500000	-85.312500	-64.000000
1	487.500000	-85.312500	-64.000000
1	487.500000	-85.312500	-64.000000
1	487.500000	-85.312500	-64.000000
1	487.500000	-85.312500	-64.000000
1	487.500000	-85.312500	-64.000000
1	487.500000	-85.312500	-64.000000
1	487.500000	-85.312500	-64.000000
1	487.500000	-85.312500	-64.000000
1	487.500000	-85.312500	-64.000000
1	487.500000	-85.312500	-64.000000
1	487.500000	-85.312500	-64.000000
1	487.500000	-85.312500	-64.000000
1	487.500000	-85.312500	-64.000000
1	487.500000	-85.312500	-64.000000
1	487.500000	-85.312500	-64.000000
1	487.500000	-85.312500	-64.000000
1	487.500000	-85.312500	-64.000000
1	487.500000	-85.312500	-64.000000
1	487.500000	-85.312500	-64.000000
1	487.500000	-85.312500	-64.000000
1	487.500000	-85.312500	-64.000000
1	489.687500	-84.625000	-64.812500
1	489.687500	-84.625000	-64.812500
1	489.687500	-84.625000	-64.812500
1	489.687500	-84.625000	-64.812500
1	489.687500	-84.625000	-64.812500
1	489.687500	-84.625000	-64.812500
1	489.687500	-84.625000	-64.812500
1	489.687500	-84.625000	-64.812500
1	489.687500	-84.625000	-64.812500
1	489.687500	-84.625000	-64.812500
1	489.687500	-84.625000	-64.812500
1	489.687500	-84.625000	-64.812500
1	489.687500	-84.625000	-64.812500
1	489.687500	-84.625000	-64.812500
1	489.687500	-84.625000	-64.812500
1	489.687500	-84.625000	-64.812500
1	489.687500	-84.625000	-64.812500
1	489.687500	-84.625000	-64.812500
1	489.687500	-84.625000	-64.812500
1	489.687500	-84.625000	-64.812500
1	489.687500	-84.625000	-64.812500
1	489.687500	-84.625000	-64.812500
1	489.687500	-84.625000	-64.812500
1	489.687500	-84.625000	-64.812500
1	489.687500	-84.625000	-64.812500
1	489.687500	-84.625000	-64.812500
1	489.687500	-84.625000	-64.812500
1	489.687500	-84.625000	-64.812500
1	489.687500	-84.625000	-64.812500
1	489.687500	-84.625000	-64.812500
1	489.687500	-84.625000	-64.812500
1	489.750000	-84.625000	-64.812500
1	489.750000	-84.625000	-64.812500
1	489.750000	-84.625000	-64.812500
1	489.750000	-84.625000	-64.812500
1	489.750000	-84.625000	-64.812500
1	489.750000	-84.625000	-64.812500
1	489.750000	-84.625000	-64.812500
1	489.750000	-84.625000	-64.812500
1	489.750000	-84.625000	-64.812500
1	489.750000	-84.625000	-64.812500
1	489.750000	-84.625000	-64.812500
1	489.750000	-84.625000	-64.812500
1	489.750000	-84.625000	-64.812500
1	489.750000	-84.625000	-64.812500
1	489.750000	-84.625000	-64.812500
1	489.750000	-84.625000	-64.812500
1	489.750000	-84.625000	-64.812500
1	489.750000	-84.625000	-64.812500
1	489.750000	-84.625000	-64.812500
1	489.750000	-84.625000	-64.812500
1	489.750000	-84.625000	-64.812500
1	489.750000	-84.625000	-64.812500
1	489.750000	-84.625000	-64.812500
1	489.750000	-84.625000	-64.812500
1	489.750000	-84.625000	-64.812500
1	489.750000	-84.625000	-64.812500
1	489.750000	-84.625000	-64.812500
1	489.750000	-84.625000	-64.812500
1	489.750000	-84.625000	-64.812500
1	489.750000	-84.625000	-64.812500
1	489.750000	-84.625000	-64.812500
1	489.750000	-84.625000	-64.812500
1	489.750000	-84.625000	-64.812500
1	489.750000	-84.625000	-64.812500
1	489.750000	-84.625000	-64.812500
1	489.750000	-84.625000	-64.812500
1	489.750000	-84.625000	-64.812500
1	489.750000	-84.625000	-64.812500
1	489.750000	-84.625000	-64.812500
1	489.750000	-84.625000	-64.812500
1	489.750000	-84.625000	-64.812500
1	489.750000	-84.625000	-64.812500
1	489.750000	-84.625000	-64.812500
1	489.750000	-84.625000	-64.812500
1	489.750000	-84.625000	-64.812500
1	489.750000	-84.625000	-64.812500
1	489.750000	-84.625000	-64.812500
1	489.750000	-84.625000	-64.812500
1	489.750000	-84.625000	-64.812500
1	489.750000	-84.625000	-64.812500
1	489.750000	-84.625000	-64.812500
1	489.750000	-84.625000	-64.812500
1	489.750000	-84.625000	-64.812500
1	489.750000	-84.625000	-64.812500
1	489.750000	-84.625000	-64.812500
1	489.750000	-84.625000	-64.812500
1	489.750000	-84.625000	-64.812500
1	489.750000	-84.625000	-64.812500
1	489.750000	-84.625000	-64.812500
1	489.750000	-84.625000	-64.812500
1	489.750000	-84.625000	-64.812500
1	488.250000	-86.437500	-64.375000
1	488.250000	-86.437500	-64.375000
1	488.250000	-86.437500	-64.375000
1	488.250000	-86.437500	-64.375000
1	488.250000	-86.437500	-64.375000
1	488.250000	-86.437500	-64.375000
1	488.250000	-86.437500	-64.375000
1	488.250000	-86.437500	-64.375000
1	488.250000	-86.437500	-64.375000
1	488.250000	-86.437500	-64.375000
1	488.250000	-86.437500	-64.375000
1	488.250000	-86.437500	-64.375000
1	488.250000	-86.437500	-64.375000
1	488.250000	-86.437500	-64.375000
1	488.250000	-86.437500	-64.375000
1	488.250000	-86.437500	-64.375000
1	488.250000	-86.437500	-64.375000
1	488.250000	-86.437500	-64.375000
1	488.250000	-86.437500	-64.375000
1	488.250000	-86.437500	-64.375000
1	488.250000	-86.437500	-64.375000
1	488.250000	-86.437500	-64.375000
1	488.250000	-86.437500	-64.375000
1	488.250000	-86.437500	-64.375000
1	488.250000	-86.437500	-64.375000
1	488.250000	-86.437500	-64.375000
1	488.250000	-86.437500	-64.375000
1	488.250000	-86.437500	-64.375000
1	488.250000	-86.437500	-64.375000
1	488.250000	-86.437500	-64.375000
1	488.250000	-86.437500	-64.375000
1	487.875000	-86.062500	-64.000000
1	487.875000	-86.062500	-64.000000
1	487.875000	-86.062500	-64.000000
1	487.875000	-86.062500	-64.000000
1	487.875000	-86.062500	-64.000000
1	487.875000	-86.062500	-64.000000
1	487.875000	-86.062500	-64.000000
1	487.875000	-86.062500	-64.000000
1	487.875000	-86.062500	-64.000000
1	487.875000	-86.062500	-64.000000
1	487.875000	-86.062500	-64.000000
1	487.875000	-86.062500	-64.000000
1	487.875000	-86.062500	-64.000000
1	487.875000	-86.062500	-64.000000
1	487.875000	-86.062500	-64.000000
1	487.875000	-86.062500	-64.000000
1	487.875000	-86.062500	-64.000000
1	487.875000	-86.062500	-64.000000
1	487.875000	-86.062500	-64.000000
1	487.875000	-86.062500	-64.000000
1	487.875000	-86.062500	-64.000000
1	487.875000	-86.062500	-64.000000
1	487.875000	-86.062500	-64.000000
1	487.875000	-86.062500	-64.000000
1	487.875000	-86.062500	-64.000000
1	487.875000	-86.062500	-64.000000
1	487.875000	-86.062500	-64.000000
1	487.875000	-86.062500	-64.000000
1	487.875000	-86.062500	-64.000000
1	487.875000	-86.062500	-64.000000
1	488.250000	-84.625000	-65.187500
1	488.250000	-84.625000	-65.187500
1	488.250000	-84.625000	-65.187500
1	488.250000	-84.625000	-65.187500
1	488.250000	-84.625000	-65.187500
1	488.250000	-84.625000	-65.187500
1	488.250000	-84.625000	-65.187500
1	488.250000	-84.625000	-65.187500
1	488.250000	-84.625000	-65.187500
1	488.250000	-84.625000	-65.187500
1	488.250000	-84.625000	-65.187500
1	488.250000	-84.625000	-65.187500
1	488.250000	-84.625000	-65.187500
1	488.250000	-84.625000	-65.187500
1	488.250000	-84.625000	-65.187500
1	488.250000	-84.625000	-65.187500
1	488.250000	-84.625000	-65.187500
1	488.250000	-84.625000	-65.187500
1	488.250000	-84.625000	-65.187500
1	488.250000	-84.625000	-65.187500
1	488.250000	-84.625000	-65.187500
1	488.250000	-84.625000	-65.187500
1	488.250000	-84.625000	-65.187500
1	488.250000	-84.625000	-65.187500
1	488.250000	-84.625000	-65.187500
1	488.250000	-84.625000	-65.187500
1	488.250000	-84.625000	-65.187500
1	488.250000	-84.625000	-65.187500
1	488.250000	-84.625000	-65.187500
1	488.250000	-84.625000	-65.187500
1	487.187500	-85.312500	-63.625000
1	487.187500	-85.312500	-63.625000
1	487.187500	-85.312500	-63.625000
1	487.187500	-85.312500	-63.625000
1	487.187500	-85.312500	-63.625000
1	487.187500	-85.312500	-63.625000
1	487.187500	-85.312500	-63.625000
1	487.187500	-85.312500	-63.625000
1	487.187500	-85.312500	-63.625000
1	487.187500	-85.312500	-63.625000
1	487.187500	-85.312500	-63.625000
1	487.187500	-85.312500	-63.625000
1	487.187500	-85.312500	-63.625000
1	487.187500	-85.312500	-63.625000
1	487.187500	-85.312500	-63.625000
1	487.187500	-85.312500	-63.625000
1	487.187500	-85.312500	-63.625000
1	487.187500	-85.312500	-63.625000
1	487.187500	-85.312500	-63.625000
1	487.187500	-85.312500	-63.625000
1	487.187500	-85.312500	-63.625000
1	487.187500	-85.312500	-63.625000
1	487.187500	-85.312500	-63.625000
1	487.187500	-85.312500	-63.625000
1	487.187500	-85.312500	-63.625000
1	487.187500	-85.312500	-63.625000
1	487.187500	-85.312500	-63.625000
1	487.187500	-85.312500	-63.625000
1	487.187500	-85.312500	-63.625000
1	487.187500	-85.312500	-63.625000
1	487.187500	-85.312500	-63.625000
1	489.000000	-86.437500	-65.187500
1	489.000000	-86.437500	-65.187500
1	489.000000	-86.437500	-65.187500
1	489.000000	-86.437500	-65.187500
1	489.000000	-86.437500	-65.187500
1	489.000000	-86.437500	-65.187500
1	489.000000	-86.437500	-65.187500
1	489.000000	-86.437500	-65.187500
1	489.000000	-86.437500	-65.187500
1	489.000000	-86.437500	-65.187500
1	489.000000	-86.437500	-65.187500
1	489.000000	-86.437500	-65.187500
1	489.000000	-86.437500	-65.187500
1	489.000000	-86.437500	-65.187500
1	489.000000	-86.437500	-65.187500
1	489.000000	-86.437500	-65.187500
1	489.000000	-86.437500	-65.187500
1	489.000000	-86.437500	-65.187500
1	489.000000	-86.437500	-65.187500
1	489.000000	-86.437500	-65.187500
1	489.000000	-86.437500	-65.187500
1	489.000000	-86.437500	-65.187500
1	489.000000	-86.437500	-65.187500
1	489.000000	-86.437500	-65.187500
1	489.000000	-86.437500	-65.187500
1	489.000000	-86.437500	-65.187500
1	489.000000	-86.437500	-65.187500
1	489.000000	-86.437500	-65.187500
1	489.000000	-86.437500	-65.187500
1	489.000000	-86.437500	-65.187500
1	489.000000	-86.437500	-65.187500
1	488.250000	-83.125000	-64.812500
1	488.250000	-83.125000	-64.812500
1	488.250000	-83.125000	-64.812500
1	488.250000	-83.125000	-64.812500
1	488.250000	-83.125000	-64.812500
1	488.250000	-83.125000	-64.812500
1	488.250000	-83.125000	-64.812500
2	22.937500	-43.625000	-158.812500
2	22.937500	-43.625000	-158.812500
2	22.937500	-43.625000	-158.812500
2	22.937500	-43.625000	-158.812500
2	22.937500	-43.625000	-158.812500
2	22.937500	-43.625000	-158.812500
2	22.937500	-43.625000	-158.812500
2	22.937500	-43.625000	-158.812500
2	22.937500	-43.625000	-158.812500
2	22.937500	-43.625000	-158.812500
2	22.937500	-43.625000	-158.812500
2	23.312500	-42.875000	-160.375000
2	23.312500	-42.875000	-160.375000
2	23.312500	-42.875000	-160.375000
2	23.312500	-42.875000	-160.375000
2	23.312500	-42.875000	-160.375000
2	23.312500	-42.875000	-160.375000
2	23.312500	-42.875000	-160.375000
2	23.312500	-42.875000	-160.375000
2	23.312500	-42.875000	-160.375000
2	23.312500	-42.875000	-160.375000
2	23.312500	-42.875000	-160.375000
2	23.312500	-42.875000	-160.375000
2	23.312500	-42.875000	-160.375000
2	23.312500	-42.875000	-160.375000
2	23.312500	-42.875000	-160.375000
2	23.312500	-42.875000	-160.375000
2	23.312500	-42.875000	-160.375000
2	23.312500	-42.875000	-160.375000
2	23.312500	-42.875000	-160.375000
2	23.312500	-42.875000	-160.375000
2	23.312500	-42.875000	-160.375000
2	23.312500	-42.875000	-160.375000
2	23.312500	-42.875000	-160.375000
2	23.312500	-42.875000	-160.375000
2	23.312500	-42.875000	-160.375000
2	23.312500	-42.875000	-160.375000
2	23.312500	-42.875000	-160.375000
2	23.312500	-42.875000	-160.375000
2	23.312500	-42.875000	-160.375000
2	23.312500	-42.875000	-160.375000
2	23.312500	-42.875000	-160.375000
2	22.937500	-42.125000	-160.000000
2	22.937500	-42.125000	-160.000000
2	22.937500	-42.125000	-160.000000
2	22.937500	-42.125000	-160.000000
2	22.937500	-42.125000	-160.000000
2	22.937500	-42.125000	-160.000000
2	22.937500	-42.125000	-160.000000
2	22.937500	-42.125000	-160.000000
2	22.937500	-42.125000	-160.000000
2	22.937500	-42.125000	-160.000000
2	22.937500	-42.125000	-160.000000
2	22.937500	-42.125000	-160.000000
2	22.937500	-42.125000	-160.000000
2	22.937500	-42.125000	-160.000000
2	22.937500	-42.125000	-160.000000
2	22.937500	-42.125000	-160.000000
2	22.937500	-42.125000	-160.000000
2	22.937500	-42.125000	-160.000000
2	22.937500	-42.125000	-160.000000
2	22.937500	-42.125000	-160.000000
2	22.937500	-42.125000	-160.000000
2	22.937500	-42.125000	-160.000000
2	22.937500	-42.125000	-160.000000
2	22.937500	-42.125000	-160.000000
2	22.937500	-42.125000	-160.000000
2	22.937500	-42.125000	-160.000000
2	22.937500	-42.125000	-160.000000
2	22.937500	-42.125000	-160.000000
2	22.937500	-42.125000	-160.000000
2	22.937500	-42.125000	-160.000000
2	24.000000	-42.125000	-159.562500
2	24.000000	-42.125000	-159.562500
2	24.000000	-42.125000	-159.562500
2	24.000000	-42.125000	-159.562500
2	24.000000	-42.125000	-159.562500
2	24.000000	-42.125000	-159.562500
2	24.000000	-42.125000	-159.562500
2	24.000000	-42.125000	-159.562500
2	24.000000	-42.125000	-159.562500
2	24.000000	-42.125000	-159.562500
2	24.000000	-42.125000	-159.562500
2	24.000000	-42.125000	-159.562500
2	24.000000	-42.125000	-159.562500
2	24.000000	-42.125000	-159.562500
2	24.000000	-42.125000	-159.562500
2	24.000000	-42.125000	-159.562500
2	24.000000	-42.125000	-159.562500
2	24.000000	-42.125000	-159.562500
2	24.000000	-42.125000	-159.562500
2	24.000000	-42.125000	-159.562500
2	24.000000	-42.125000	-159.562500
2	24.000000	-42.125000	-159.562500
2	24.000000	-42.125000	-159.562500
2	24.000000	-42.125000	-159.562500
2	24.000000	-42.125000	-159.562500
2	24.000000	-42.125000	-159.562500
2	24.000000	-42.125000	-159.562500
2	24.000000	-42.125000	-159.562500
2	24.000000	-42.125000	-159.562500
2	24.000000	-42.125000	-159.562500
2	22.937500	-43.250000	-160.000000
2	22.937500	-43.250000	-160.000000
2	22.937500	-43.250000	-160.000000
2	22.937500	-43.250000	-160.000000
2	22.937500	-43.250000	-160.000000
2	22.937500	-43.250000	-160.000000
2	22.937500	-43.250000	-160.000000
2	22.937500	-43.250000	-160.000000
2	22.937500	-43.250000	-160.000000
2	22.937500	-43.250000	-160.000000
2	22.937500	-43.250000	-160.000000
2	22.937500	-43.250000	-160.000000
2	22.937500	-43.250000	-160.000000
2	22.937500	-43.250000	-160.000000
2	22.937500	-43.250000	-160.000000
2	22.937500	-43.250000	-160.000000
2	22.937500	-43.250000	-160.000000
2	22.937500	-43.250000	-160.000000
2	22.937500	-43.250000	-160.000000
2	22.937500	-43.250000	-160.000000
2	22.937500	-43.250000	-160.000000
2	22.937500	-43.250000	-160.000000
2	22.937500	-43.250000	-160.000000
2	22.937500	-43.250000	-160.000000
2	22.937500	-43.250000	-160.000000
2	22.937500	-43.250000	-160.000000
2	22.937500	-43.250000	-160.000000
2	22.937500	-43.250000	-160.000000
2	22.937500	-43.250000	-160.000000
2	22.937500	-43.250000	-160.000000
2	22.937500	-43.250000	-160.000000
2	22.562500	-43.250000	-158.375000
2	22.562500	-43.250000	-158.375000
2	22.562500	-43.250000	-158.375000
2	22.562500	-43.250000	-158.375000
2	22.562500	-43.250000	-158.375000
2	22.562500	-43.250000	-158.375000
2	22.562500	-43.250000	-158.375000
2	22.562500	-43.250000	-158.375000
2	22.562500	-43.250000	-158.375000
2	22.562500	-43.250000	-158.375000
2	22.562500	-43.250000	-158.375000
2	22.562500	-43.250000	-158.375000
2	22.562500	-43.250000	-158.375000
2	22.562500	-43.250000	-158.375000
2	22.562500	-43.250000	-158.375000
2	22.562500	-43.250000	-158.375000
2	22.562500	-43.250000	-158.375000
2	22.562500	-43.250000	-158.375000
2	22.562500	-43.250000	-158.375000
2	22.562500	-43.250000	-158.375000
2	22.562500	-43.250000	-158.375000
2	22.562500	-43.250000	-158.375000
2	22.562500	-43.250000	-158.375000
2	22.562500	-43.250000	-158.375000
2	22.562500	-43.250000	-158.375000
2	22.562500	-43.250000	-158.375000
2	22.562500	-43.250000	-158.375000
2	22.562500	-43.250000	-158.375000
2	22.562500	-43.250000	-158.375000
2	22.562500	-43.250000	-158.375000
2	22.187500	-42.500000	-159.562500
2	22.187500	-42.500000	-159.562500
2	22.187500	-42.500000	-159.562500
2	22.187500	-42.500000	-159.562500
2	22.187500	-42.500000	-159.562500
2	22.187500	-42.500000	-159.562500
2	22.187500	-42.500000	-159.562500
2	22.187500	-42.500000	-159.562500
2	22.187500	-42.500000	-159.562500
2	22.187500	-42.500000	-159.562500
2	22.187500	-42.500000	-159.562500
2	22.187500	-42.500000	-159.562500
2	22.187500	-42.500000	-159.562500
2	22.187500	-42.500000	-159.562500
2	22.187500	-42.500000	-159.562500
2	22.187500	-42.500000	-159.562500
2	22.187500	-42.500000	-159.562500
2	22.187500	-42.500000	-159.562500
2	22.187500	-42.500000	-159.562500
2	22.187500	-42.500000	-159.562500
2	22.187500	-42.500000	-159.562500
2	22.187500	-42.500000	-159.562500
2	22.187500	-42.500000	-159.562500
2	22.187500	-42.500000	-159.562500
2	22.187500	-42.500000	-159.562500
2	22.187500	-42.500000	-159.562500
2	22.187500	-42.500000	-159.562500
2	22.187500	-42.500000	-159.562500
2	22.187500	-42.500000	-159.562500
2	22.187500	-42.500000	-159.562500
2	22.187500	-42.500000	-159.562500
2	23.687500	-43.250000	-158.812500
2	23.687500	-43.250000	-158.812500
2	23.687500	-43.250000	-158.812500
2	23.687500	-43.250000	-158.812500
2	23.687500	-43.250000	-158.812500
2	23.687500	-43.250000	-158.812500
2	23.687500	-43.250000	-158.812500
2	23.687500	-43.250000	-158.812500
2	23.687500	-43.250000	-158.812500
2	23.687500	-43.250000	-158.812500
2	23.687500	-43.250000	-158.812500
2	23.687500	-43.250000	-158.812500
2	23.687500	-43.250000	-158.812500
2	23.687500	-43.250000	-158.812500
2	23.687500	-43.250000	-158.812500
2	23.687500	-43.250000	-158.812500
2	23.687500	-43.250000	-158.812500
2	23.687500	-43.250000	-158.812500
2	23.687500	-43.250000	-158.812500
2	23.687500	-43.250000	-158.812500
2	23.687500	-43.250000	-158.812500
2	23.687500	-43.250000	-158.812500
2	23.687500	-43.250000	-158.812500
2	23.687500	-43.250000	-158.812500
2	23.687500	-43.250000	-158.812500
2	23.687500	-43.250000	-158.812500
2	23.687500	-43.250000	-158.812500
2	23.687500	-43.250000	-158.812500
2	23.687500	-43.250000	-158.812500
2	23.687500	-43.250000	-158.812500
2	23.687500	-43.250000	-158.812500
2	22.937500	-42.875000	-158.812500
2	22.937500	-42.875000	-158.812500
2	22.937500	-42.875000	-158.812500
2	22.937500	-42.875000	-158.812500
2	22.937500	-42.875000	-158.812500
2	22.937500	-42.875000	-158.812500
2	22.937500	-42.875000	-158.812500
2	22.937500	-42.875000	-158.812500
2	22.937500	-42.875000	-158.812500
2	22.937500	-42.875000	-158.812500
2	22.937500	-42.875000	-158.812500
2	22.937500	-42.875000	-158.812500
2	22.937500	-42.875000	-158.812500
2	22.937500	-42.875000	-158.812500
2	22.937500	-42.875000	-158.812500
2	22.937500	-42.875000	-158.812500
2	22.937500	-42.875000	-158.812500
2	22.937500	-42.875000	-158.812500
2	22.937500	-42.875000	-158.812500
2	22.937500	-42.875000	-158.812500
2	22.937500	-42.875000	-158.812500
2	22.937500	-42.875000	-158.812500
2	22.937500	-42.875000	-158.812500
2	22.937500	-42.875000	-158.812500
2	22.937500	-42.875000	-158.812500
2	22.937500	-42.875000	-158.812500
2	22.937500	-42.875000	-158.812500
2	22.937500	-42.875000	-158.812500
2	22.937500	-42.875000	-158.812500
2	22.937500	-42.875000	-158.812500
2	22.937500	-41.000000	-160.437500
2	22.937500	-41.000000	-160.437500
2	22.937500	-41.000000	-160.437500
2	22.937500	-41.000000	-160.437500
2	22.937500	-41.000000	-160.437500
2	22.937500	-41.000000	-160.437500
2	22.937500	-41.000000	-160.437500
2	22.937500	-41.000000	-160.437500
2	22.937500	-41.000000	-160.437500
2	22.937500	-41.000000	-160.437500
2	22.937500	-41.000000	-160.437500
2	22.937500	-41.000000	-160.437500
2	22.937500	-41.000000	-160.437500
2	22.937500	-41.000000	-160.437500
2	22.937500	-41.000000	-160.437500
2	22.937500	-41.000000	-160.437500
2	22.937500	-41.000000	-160.437500
2	22.937500	-41.000000	-160.437500
2	22.937500	-41.000000	-160.437500
2	22.937500	-41.000000	-160.437500
2	22.937500	-41.000000	-160.437500
2	22.937500	-41.000000	-160.437500
2	22.937500	-41.000000	-160.437500
2	22.937500	-41.000000	-160.437500
2	22.937500	-41.000000	-160.437500
2	22.937500	-41.000000	-160.437500
2	22.937500	-41.000000	-160.437500
2	22.937500	-41.000000	-160.437500
2	22.937500	-41.000000	-160.437500
2	22.937500	-41.000000	-160.437500
2	22.937500	-41.000000	-160.437500
2	22.937500	-42.125000	-158.000000
2	22.937500	-42.125000	-158.000000
2	22.937500	-42.125000	-158.000000
2	22.937500	-42.125000	-158.000000
2	22.937500	-42.125000	-158.000000
2	22.937500	-42.125000	-158.000000
2	22.937500	-42.125000	-158.000000
2	22.937500	-42.125000	-158.000000
2	22.937500	-42.125000	-158.000000
2	22.937500	-42.125000	-158.000000
2	22.937500	-42.125000	-158.000000
2	22.937500	-42.125000	-158.000000
2	22.937500	-42.125000	-158.000000
2	22.937500	-42.125000	-158.000000
2	22.937500	-42.125000	-158.000000
2	22.937500	-42.125000	-158.000000
2	22.937500	-42.125000	-158.000000
2	22.937500	-42.125000	-158.000000
2	22.937500	-42.125000	-158.000000
2	22.937500	-42.125000	-158.000000
2	22.937500	-42.125000	-158.000000
2	22.937500	-42.125000	-158.000000
2	22.937500	-42.125000	-158.000000
2	22.937500	-42.125000	-158.000000
2	22.937500	-42.125000	-158.000000
2	22.937500	-42.125000	-158.000000
2	22.937500	-42.125000	-158.000000
2	22.937500	-42.125000	-158.000000
2	22.937500	-42.125000	-158.000000
2	22.937500	-42.125000	-158.000000
2	22.937500	-42.125000	-158.000000
2	24.000000	-43.250000	-159.187500
2	24.000000	-43.250000	-159.187500
2	24.000000	-43.250000	-159.187500
2	24.000000	-43.250000	-159.187500
2	24.000000	-43.250000	-159.187500
2	24.000000	-43.250000	-159.187500
2	24.000000	-43.250000	-159.187500
2	24.000000	-43.250000	-159.187500
2	24.000000	-43.250000	-159.187500
2	24.000000	-43.250000	-159.187500
2	24.000000	-43.250000	-159.187500
2	24.000000	-43.250000	-159.187500
2	24.000000	-43.250000	-159.187500
2	24.000000	-43.250000	-159.187500
2	24.000000	-43.250000	-159.187500
2	24.000000	-43.250000	-159.187500
2	24.000000	-43.250000	-159.187500
2	24.000000	-43.250000	-159.187500
2	24.000000	-43.250000	-159.187500
2	24.000000	-43.250000	-159.187500
2	24.000000	-43.250000	-159.187500
2	24.000000	-43.250000	-159.187500
2	24.000000	-43.250000	-159.187500
2	24.000000	-43.250000	-159.187500
2	24.000000	-43.250000	-159.187500
2	24.000000	-43.250000	-159.187500
2	24.000000	-43.250000	-159.187500
2	24.000000	-43.250000	-159.187500
2	24.000000	-43.250000	-159.187500
2	24.000000	-43.250000	-159.187500
2	22.562500	-44.312500	-158.812500
2	22.562500	-44.312500	-158.812500
2	22.562500	-44.312500	-158.812500
2	22.562500	-44.312500	-158.812500
2	22.562500	-44.312500	-158.812500
2	22.562500	-44.312500	-158.812500
2	22.562500	-44.312500	-158.812500
2	22.562500	-44.312500	-158.812500
2	22.562500	-44.312500	-158.812500
2	22.562500	-44.312500	-158.812500
2	22.562500	-44.312500	-158.812500
2	22.562500	-44.312500	-158.812500
2	22.562500	-44.312500	-158.812500
2	22.562500	-44.312500	-158.812500
2	22.562500	-44.312500	-158.812500
2	22.562500	-44.312500	-158.812500
2	22.562500	-44.312500	-158.812500
2	22.562500	-44.312500	-158.812500
2	22.562500	-44.312500	-158.812500
2	22.562500	-44.312500	-158.812500
2	22.562500	-44.312500	-158.812500
2	22.562500	-44.312500	-158.812500
2	22.562500	-44.312500	-158.812500
2	22.562500	-44.312500	-158.812500
2	22.562500	-44.312500	-158.812500
2	22.562500	-44.312500	-158.812500
2	22.562500	-44.312500	-158.812500
2	22.562500	-44.312500	-158.812500
2	22.562500	-44.312500	-158.812500
2	22.562500	-44.312500	-158.812500
2	22.562500	-44.312500	-158.812500
2	22.187500	-2048.000000	-159.187500
2	22.187500	-2048.000000	-159.187500
2	22.187500	-2048.000000	-159.187500
2	22.187500	-2048.000000	-159.187500
2	22.187500	-2048.000000	-159.187500
2	22.187500	-2048.000000	-159.187500
2	22.187500	-2048.000000	-159.187500
2	22.187500	-2048.000000	-159.187500
2	22.187500	-2048.000000	-159.187500
2	22.187500	-2048.000000	-159.187500
2	22.187500	-2048.000000	-159.187500
2	22.187500	-2048.000000	-159.187500
2	22.187500	-2048.000000	-159.187500
2	22.187500	-2048.000000	-159.187500
2	22.187500	-2048.000000	-159.187500
2	22.187500	-2048.000000	-159.187500
2	22.187500	-2048.000000	-159.187500
2	22.187500	-2048.000000	-159.187500
2	22.187500	-2048.000000	-159.187500
2	22.187500	-2048.000000	-159.187500
2	22.187500	-2048.000000	-159.187500
2	22.187500	-2048.000000	-159.187500
2	22.187500	-2048.000000	-159.187500
2	22.187500	-2048.000000	-159.187500
2	22.187500	-2048.000000	-159.187500
2	22.187500	-2048.000000	-159.187500
2	22.187500	-2048.000000	-159.187500
2	22.187500	-2048.000000	-159.187500
2	22.187500	-2048.000000	-159.187500
2	22.187500	-2048.000000	-159.187500
2	22.187500	-2048.000000	-159.187500
2	24.062500	-40.250000	-158.875000
2	24.062500	-40.250000	-158.875000
2	24.062500	-40.250000	-158.875000
2	24.062500	-40.250000	-158.875000
2	24.062500	-40.250000	-158.875000
2	24.062500	-40.250000	-158.875000
2	24.062500	-40.250000	-158.875000
2	24.062500	-40.250000	-158.875000
2	24.062500	-40.250000	-158.875000
2	24.062500	-40.250000	-158.875000
2	24.062500	-40.250000	-158.875000
2	24.062500	-40.250000	-158.875000
2	24.062500	-40.250000	-158.875000
2	24.062500	-40.250000	-158.875000
2	24.062500	-40.250000	-158.875000
2	24.062500	-40.250000	-158.875000
2	24.062500	-40.250000	-158.875000
2	24.062500	-40.250000	-158.875000
2	24.062500	-40.250000	-158.875000
2	24.062500	-40.250000	-158.875000
2	24.062500	-40.250000	-158.875000
2	24.062500	-40.250000	-158.875000
2	24.062500	-40.250000	-158.875000
2	24.062500	-40.250000	-158.875000
2	24.062500	-40.250000	-158.875000
2	24.062500	-40.250000	-158.875000
2	24.062500	-40.250000	-158.875000
2	24.062500	-40.250000	-158.875000
2	24.062500	-40.250000	-158.875000
2	24.062500	-40.250000	-158.875000
2	24.062500	-40.250000	-158.875000
2	22.187500	-2048.000000	-159.187500
2	22.187500	-2048.000000	-159.187500
2	22.187500	-2048.000000	-159.187500
2	22.187500	-2048.000000	-159.187500
2	22.187500	-2048.000000	-159.187500
2	22.187500	-2048.000000	-159.187500
2	22.187500	-2048.000000	-159.187500
2	22.187500	-2048.000000	-159.187500
2	22.187500	-2048.000000	-159.187500
2	22.187500	-2048.000000	-159.187500
2	22.187500	-2048.000000	-159.187500
2	22.187500	-2048.000000	-159.187500
2	22.187500	-2048.000000	-159.187500
2	22.187500	-2048.000000	-159.187500
2	22.187500	-2048.000000	-159.187500
2	22.187500	-2048.000000	-159.187500
2	22.187500	-2048.000000	-159.187500
2	22.187500	-2048.000000	-159.187500
2	22.187500	-2048.000000	-159.187500
2	22.187500	-2048.000000	-159.187500
2	22.187500	-2048.000000	-159.187500
2	22.187500	-2048.000000	-159.187500
2	22.187500	-2048.000000	-159.187500
2	22.187500	-2048.000000	-159.187500
2	22.187500	-2048.000000	-159.187500
2	22.187500	-2048.000000	-159.187500
2	22.187500	-2048.000000	-159.187500
2	22.187500	-2048.000000	-159.187500
2	22.187500	-2048.000000	-159.187500
2	22.187500	-2048.000000	-159.187500
2	22.562500	-42.875000	-158.812500
2	22.562500	-42.875000	-158.812500
2	22.562500	-42.875000	-158.812500
2	22.562500	-42.875000	-158.812500
2	22.562500	-42.875000	-158.812500
2	22.562500	-42.875000	-158.812500
2	22.562500	-42.875000	-158.812500
2	22.562500	-42.875000	-158.812500
2	22.562500	-42.875000	-158.812500
2	22.562500	-42.875000	-158.812500
2	22.562500	-42.875000	-158.812500
2	22.562500	-42.875000	-158.812500
2	22.562500	-42.875000	-158.812500
2	22.562500	-42.875000	-158.812500
2	22.562500	-42.875000	-158.812500
2	22.562500	-42.875000	-158.812500
2	22.562500	-42.875000	-158.812500
2	22.562500	-42.875000	-158.812500
2	22.562500	-42.875000	-158.812500
2	22.562500	-42.875000	-158.812500
2	22.562500	-42.875000	-158.812500
2	22.562500	-42.875000	-158.812500
2	22.562500	-42.875000	-158.812500
2	22.562500	-42.875000	-158.812500
2	22.562500	-42.875000	-158.812500
2	22.562500	-42.875000	-158.812500
2	22.562500	-42.875000	-158.812500
2	22.562500	-42.875000	-158.812500
2	22.562500	-42.875000	-158.812500
2	22.562500	-42.875000	-158.812500
2	22.562500	-42.875000	-158.812500
2	21.437500	-41.000000	-158.875000
2	21.437500	-41.000000	-158.875000
2	21.437500	-41.000000	-158.875000
2	21.437500	-41.000000	-158.875000
2	21.437500	-41.000000	-158.875000
2	21.437500	-41.000000	-158.875000
2	21.437500	-41.000000	-158.875000
2	21.437500	-41.000000	-158.875000
2	21.437500	-41.000000	-158.875000
2	21.437500	-41.000000	-158.875000
2	21.437500	-41.000000	-158.875000
2	21.437500	-41.000000	-158.875000
2	21.437500	-41.000000	-158.875000
2	21.437500	-41.000000	-158.875000
2	21.437500	-41.000000	-158.875000
2	21.437500	-41.000000	-158.875000
2	21.437500	-41.000000	-158.875000
2	21.437500	-41.000000	-158.875000
2	21.437500	-41.000000	-158.875000
2	21.437500	-41.000000	-158.875000
2	21.437500	-41.000000	-158.875000
2	21.437500	-41.000000	-158.875000
2	21.437500	-41.000000	-158.875000
2	21.437500	-41.000000	-158.875000
2	21.437500	-41.000000	-158.875000
2	21.437500	-41.000000	-158.875000
2	21.437500	-41.000000	-158.875000
2	21.437500	-41.000000	-158.875000
2	21.437500	-41.000000	-158.875000
2	21.437500	-41.000000	-158.875000
2	21.437500	-41.000000	-158.875000
2	21.812500	-42.125000	-159.250000
2	21.812500	-42.125000	-159.250000
2	21.812500	-42.125000	-159.250000
2	21.812500	-42.125000	-159.250000
2	21.812500	-42.125000	-159.250000
2	21.812500	-42.125000	-159.250000
2	21.812500	-42.125000	-159.250000
2	21.812500	-42.125000	-159.250000
2	21.812500	-42.125000	-159.250000
2	21.812500	-42.125000	-159.250000
2	21.812500	-42.125000	-159.250000
2	21.812500	-42.125000	-159.250000
2	21.812500	-42.125000	-159.250000
2	21.812500	-42.125000	-159.250000
2	21.812500	-42.125000	-159.250000
2	21.812500	-42.125000	-159.250000
2	21.812500	-42.125000	-159.250000
2	21.812500	-42.125000	-159.250000
2	21.812500	-42.125000	-159.250000
2	21.812500	-42.125000	-159.250000
2	21.812500	-42.125000	-159.250000
2	21.812500	-42.125000	-159.250000
2	21.812500	-42.125000	-159.250000
2	21.812500	-42.125000	-159.250000
2	21.812500	-42.125000	-159.250000
2	21.812500	-42.125000	-159.250000
2	21.812500	-42.125000	-159.250000
2	21.812500	-42.125000	-159.250000
2	21.812500	-42.125000	-159.250000
2	21.812500	-42.125000	-159.250000
2	21.812500	-42.125000	-159.250000
2	22.937500	-42.875000	-159.250000
2	22.937500	-42.875000	-159.250000
2	22.937500	-42.875000	-159.250000
2	22.937500	-42.875000	-159.250000
2	22.937500	-42.875000	-159.250000
2	22.937500	-42.875000	-159.250000
2	22.937500	-42.875000	-159.250000
2	22.937500	-42.875000	-159.250000
2	22.937500	-42.875000	-159.250000
2	22.937500	-42.875000	-159.250000
2	22.937500	-42.875000	-159.250000
2	22.937500	-42.875000	-159.250000
2	22.937500	-42.875000	-159.250000
2	22.937500	-42.875000	-159.250000
2	22.937500	-42.875000	-159.250000
2	22.937500	-42.875000	-159.250000
2	22.937500	-42.875000	-159.250000
2	22.937500	-42.875000	-159.250000
2	22.937500	-42.875000	-159.250000
2	22.937500	-42.875000	-159.250000
2	22.937500	-42.875000	-159.250000
2	22.937500	-42.875000	-159.250000
2	22.937500	-42.875000	-159.250000
2	22.937500	-42.875000	-159.250000
2	22.937500	-42.875000	-159.250000
2	22.937500	-42.875000	-159.250000
2	22.937500	-42.875000	-159.250000
2	22.937500	-42.875000	-159.250000
2	22.937500	-42.875000	-159.250000
2	22.937500	-42.875000	-159.250000
2	22.937500	-42.875000	-159.250000
2	22.187500	-42.125000	-159.187500
2	22.187500	-42.125000	-159.187500
2	22.187500	-42.125000	-159.187500
2	22.187500	-42.125000	-159.187500
2	22.187500	-42.125000	-159.187500
2	22.187500	-42.125000	-159.187500
2	22.187500	-42.125000	-159.187500
2	22.187500	-42.125000	-159.187500
2	22.187500	-42.125000	-159.187500
2	22.187500	-42.125000	-159.187500
2	22.187500	-42.125000	-159.187500
2	22.187500	-42.125000	-159.187500
2	22.187500	-42.125000	-159.187500
2	22.187500	-42.125000	-159.187500
2	22.187500	-42.125000	-159.187500
2	22.187500	-42.125000	-159.187500
2	22.187500	-42.125000	-159.187500
2	22.187500	-42.125000	-159.187500
2	22.187500	-42.125000	-159.187500
2	22.187500	-42.125000	-159.187500
2	22.187500	-42.125000	-159.187500
2	22.187500	-42.125000	-159.187500
2	22.187500	-42.125000	-159.187500
2	22.187500	-42.125000	-159.187500
2	22.187500	-42.125000	-159.187500
2	22.187500	-42.125000	-159.187500
2	22.187500	-42.125000	-159.187500
2	22.187500	-42.125000	-159.187500
2	22.187500	-42.125000	-159.187500
2	22.187500	-42.125000	-159.187500
2	22.187500	-41.000000	-159.625000
2	22.187500	-41.000000	-159.625000
2	22.187500	-41.000000	-159.625000
2	22.187500	-41.000000	-159.625000
2	22.187500	-41.000000	-159.625000
2	22.187500	-41.000000	-159.625000
2	22.187500	-41.000000	-159.625000
2	22.187500	-41.000000	-159.625000
2	22.187500	-41.000000	-159.625000
2	22.187500	-41.000000	-159.625000
2	22.187500	-41.000000	-159.625000
2	22.187500	-41.000000	-159.625000
2	22.187500	-41.000000	-159.625000
2	22.187500	-41.000000	-159.625000
2	22.187500	-41.000000	-159.625000
2	22.187500	-41.000000	-159.625000
2	22.187500	-41.000000	-159.625000
2	22.187500	-41.000000	-159.625000
2	22.187500	-41.000000	-159.625000
2	22.187500	-41.000000	-159.625000
2	22.187500	-41.000000	-159.625000
2	22.187500	-41.000000	-159.625000
2	22.187500	-41.000000	-159.625000
2	22.187500	-41.000000	-159.625000
2	22.187500	-41.000000	-159.625000
2	22.187500	-41.000000	-159.625000
2	22.187500	-41.000000	-159.625000
2	22.187500	-41.000000	-159.625000
2	22.187500	-41.000000	-159.625000
2	22.187500	-41.000000	-159.625000
2	22.187500	-41.000000	-159.625000
2	22.562500	-42.875000	-160.062500
2	22.562500	-42.875000	-160.062500
2	22.562500	-42.875000	-160.062500
2	22.562500	-42.875000	-160.062500
2	22.562500	-42.875000	-160.062500
2	22.562500	-42.875000	-160.062500
2	22.562500	-42.875000	-160.062500
2	22.562500	-42.875000	-160.062500
2	22.562500	-42.875000	-160.062500
2	22.562500	-42.875000	-160.062500
2	22.562500	-42.875000	-160.062500
2	22.562500	-42.875000	-160.062500
2	22.562500	-42.875000	-160.062500
2	22.562500	-42.875000	-160.062500
2	22.562500	-42.875000	-160.062500
2	22.562500	-42.875000	-160.062500
2	22.562500	-42.875000	-160.062500
2	22.562500	-42.875000	-160.062500
2	22.562500	-42.875000	-160.062500
2	22.562500	-42.875000	-160.062500
2	22.562500	-42.875000	-160.062500
2	22.562500	-42.875000	-160.062500
2	22.562500	-42.875000	-160.062500
2	22.562500	-42.875000	-160.062500
2	22.562500	-42.875000	-160.062500
2	22.562500	-42.875000	-160.062500
2	22.562500	-42.875000	-160.062500
2	22.562500	-42.875000	-160.062500
2	22.562500	-42.875000	-160.062500
2	22.562500	-42.875000	-160.062500
2	22.562500	-42.875000	-160.062500
2	21.437500	-44.000000	-158.437500
2	21.437500	-44.000000	-158.437500
2	21.437500	-44.000000	-158.437500
2	21.437500	-44.000000	-158.437500
2	21.437500	-44.000000	-158.437500
2	21.437500	-44.000000	-158.437500
2	21.437500	-44.000000	-158.437500
2	21.437500	-44.000000	-158.437500
2	21.437500	-44.000000	-158.437500
2	21.437500	-44.000000	-158.437500
2	21.437500	-44.000000	-158.437500
2	21.437500	-44.000000	-158.437500
2	21.437500	-44.000000	-158.437500
2	21.437500	-44.000000	-158.437500
2	21.437500	-44.000000	-158.437500
2	21.437500	-44.000000	-158.437500
2	21.437500	-44.000000	-158.437500
2	21.437500	-44.000000	-158.437500
2	21.437500	-44.000000	-158.437500
2	21.437500	-44.000000	-158.437500
2	21.437500	-44.000000	-158.437500
2	21.437500	-44.000000	-158.437500
2	21.437500	-44.000000	-158.437500
2	21.437500	-44.000000	-158.437500
2	21.437500	-44.000000	-158.437500
2	21.437500	-44.000000	-158.437500
2	21.437500	-44.000000	-158.437500
2	21.437500	-44.000000	-158.437500
2	21.437500	-44.000000	-158.437500
2	21.437500	-44.000000	-158.437500
2	22.187500	-42.875000	-158.875000
2	22.187500	-42.875000	-158.875000
2	22.187500	-42.875000	-158.875000
2	22.187500	-42.875000	-158.875000
2	22.187500	-42.875000	-158.875000
2	22.187500	-42.875000	-158.875000
2	22.187500	-42.875000	-158.875000
2	22.187500	-42.875000	-158.875000
2	22.187500	-42.875000	-158.875000
2	22.187500	-42.875000	-158.875000
2	22.187500	-42.875000	-158.875000
2	22.187500	-42.875000	-158.875000
2	22.187500	-42.875000	-158.875000
2	22.187500	-42.875000	-158.875000
2	22.187500	-42.875000	-158.875000
2	22.187500	-42.875000	-158.875000
2	22.187500	-42.875000	-158.875000
2	22.187500	-42.875000	-158.875000
2	22.187500	-42.875000	-158.875000
2	22.187500	-42.875000	-158.875000
2	22.187500	-42.875000	-158.875000
2	22.187500	-42.875000	-158.875000
2	22.187500	-42.875000	-158.875000
2	22.187500	-42.875000	-158.875000
2	22.187500	-42.875000	-158.875000
2	22.187500	-42.875000	-158.875000
2	22.187500	-42.875000	-158.875000
2	22.187500	-42.875000	-158.875000
2	22.187500	-42.875000	-158.875000
2	22.187500	-42.875000	-158.875000
2	22.187500	-42.875000	-158.875000
2	22.937500	-41.750000	-160.062500
2	22.937500	-41.750000	-160.062500
2	22.937500	-41.750000	-160.062500
2	22.937500	-41.750000	-160.062500
2	22.937500	-41.750000	-160.062500
2	22.937500	-41.750000	-160.062500
2	22.937500	-41.750000	-160.062500
2	22.937500	-41.750000	-160.062500
2	22.937500	-41.750000	-160.062500
2	22.937500	-41.750000	-160.062500
2	22.937500	-41.750000	-160.062500
2	22.937500	-41.750000	-160.062500
2	22.937500	-41.750000	-160.062500
2	22.937500	-41.750000	-160.062500
2	22.937500	-41.750000	-160.062500
2	22.937500	-41.750000	-160.062500
2	22.937500	-41.750000	-160.062500
2	22.937500	-41.750000	-160.062500
2	22.937500	-41.750000	-160.062500
2	22.937500	-41.750000	-160.062500
2	22.937500	-41.750000	-160.062500
2	22.937500	-41.750000	-160.062500
2	22.937500	-41.750000	-160.062500
2	22.937500	-41.750000	-160.062500
2	22.937500	-41.750000	-160.062500
2	22.937500	-41.750000	-160.062500
2	22.937500	-41.750000	-160.062500
2	22.937500	-41.750000	-160.062500
2	22.937500	-41.750000	-160.062500
2	22.937500	-41.750000	-160.062500
2	21.062500	-42.500000	-158.437500
2	21.062500	-42.500000	-158.437500
2	21.062500	-42.500000	-158.437500
2	21.062500	-42.500000	-158.437500
2	21.062500	-42.500000	-158.437500
2	21.062500	-42.500000	-158.437500
2	21.062500	-42.500000	-158.437500
2	21.062500	-42.500000	-158.437500
2	21.062500	-42.500000	-158.437500
2	21.062500	-42.500000	-158.437500
2	21.062500	-42.500000	-158.437500
2	21.062500	-42.500000	-158.437500
2	21.062500	-42.500000	-158.437500
2	21.062500	-42.500000	-158.437500
2	21.062500	-42.500000	-158.437500
2	21.062500	-42.500000	-158.437500
2	21.062500	-42.500000	-158.437500
2	21.062500	-42.500000	-158.437500
2	21.062500	-42.500000	-158.437500
2	21.062500	-42.500000	-158.437500
2	21.062500	-42.500000	-158.437500
2	21.062500	-42.500000	-158.437500
2	21.062500	-42.500000	-158.437500
2	21.062500	-42.500000	-158.437500
2	21.062500	-42.500000	-158.437500
2	21.062500	-42.500000	-158.437500
2	21.062500	-42.500000	-158.437500
2	21.062500	-42.500000	-158.437500
2	21.062500	-42.500000	-158.437500
2	21.062500	-42.500000	-158.437500
2	21.062500	-42.500000	-158.437500
2	23.687500	-41.750000	-158.875000
2	23.687500	-41.750000	-158.875000
2	23.687500	-41.750000	-158.875000
2	23.687500	-41.750000	-158.875000
2	23.687500	-41.750000	-158.875000
2	23.687500	-41.750000	-158.875000
2	23.687500	-41.750000	-158.875000
2	23.687500	-41.750000	-158.875000
2	23.687500	-41.750000	-158.875000
2	23.687500	-41.750000	-158.875000
2	23.687500	-41.750000	-158.875000
2	23.687500	-41.750000	-158.875000
2	23.687500	-41.750000	-158.875000
2	23.687500	-41.750000	-158.875000
2	23.687500	-41.750000	-158.875000
2	23.687500	-41.750000	-158.875000
2	23.687500	-41.750000	-158.875000
2	23.687500	-41.750000	-158.875000
2	23.687500	-41.750000	-158.875000
2	23.687500	-41.750000	-158.875000
2	23.687500	-41.750000	-158.875000
2	23.687500	-41.750000	-158.875000
2	23.687500	-41.750000	-158.875000
2	23.687500	-41.750000	-158.875000
2	23.687500	-41.750000	-158.875000
2	23.687500	-41.750000	-158.875000
2	23.687500	-41.750000	-158.875000
2	23.687500	-41.750000	-158.875000
2	23.687500	-41.750000	-158.875000
2	23.687500	-41.750000	-158.875000
2	23.687500	-41.750000	-158.875000
2	22.937500	-40.625000	-158.875000
2	22.937500	-40.625000	-158.875000
2	22.937500	-40.625000	-158.875000
2	22.937500	-40.625000	-158.875000
2	22.937500	-40.625000	-158.875000
2	22.937500	-40.625000	-158.875000
2	22.937500	-40.625000	-158.875000
2	22.937500	-40.625000	-158.875000
2	22.937500	-40.625000	-158.875000
2	22.937500	-40.625000	-158.875000
2	22.937500	-40.625000	-158.875000
2	22.937500	-40.625000	-158.875000
2	22.937500	-40.625000	-158.875000
2	22.937500	-40.625000	-158.875000
2	22.937500	-40.625000	-158.875000
2	22.937500	-40.625000	-158.875000
2	22.937500	-40.625000	-158.875000
2	22.937500	-40.625000	-158.875000
2	22.937500	-40.625000	-158.875000
2	22.937500	-40.625000	-158.875000
2	22.937500	-40.625000	-158.875000
2	22.937500	-40.625000	-158.875000
2	22.937500	-40.625000	-158.875000
2	22.937500	-40.625000	-158.875000
2	22.937500	-40.625000	-158.875000
2	22.937500	-40.625000	-158.875000
2	22.937500	-40.625000	-158.875000
2	22.937500	-40.625000	-158.875000
2	22.937500	-40.625000	-158.875000
2	22.937500	-40.625000	-158.875000
2	22.937500	-40.625000	-158.875000
2	22.562500	-42.500000	-159.250000
2	22.562500	-42.500000	-159.250000
2	22.562500	-42.500000	-159.250000
2	22.562500	-42.500000	-159.250000
2	22.562500	-42.500000	-159.250000
2	22.562500	-42.500000	-159.250000
2	22.562500	-42.500000	-159.250000
2	22.562500	-42.500000	-159.250000
2	22.562500	-42.500000	-159.250000
2	22.562500	-42.500000	-159.250000
2	22.562500	-42.500000	-159.250000
2	22.562500	-42.500000	-159.250000
2	22.562500	-42.500000	-159.250000
2	22.562500	-42.500000	-159.250000
2	22.562500	-42.500000	-159.250000
2	22.562500	-42.500000	-159.250000
2	22.562500	-42.500000	-159.250000
2	22.562500	-42.500000	-159.250000
2	22.562500	-42.500000	-159.250000
2	22.562500	-42.500000	-159.250000
2	22.562500	-42.500000	-159.250000
2	22.562500	-42.500000	-159.250000
2	22.562500	-42.500000	-159.250000
2	22.562500	-42.500000	-159.250000
2	22.562500	-42.500000	-159.250000
2	22.562500	-42.500000	-159.250000
2	22.562500	-42.500000	-159.250000
2	22.562500	-42.500000	-159.250000
2	22.562500	-42.500000	-159.250000
2	22.562500	-42.500000	-159.250000
2	22.562500	-43.625000	-160.062500
2	22.562500	-43.625000	-160.062500
2	22.562500	-43.625000	-160.062500
2	22.562500	-43.625000	-160.062500
2	22.562500	-43.625000	-160.062500
2	22.562500	-43.625000	-160.062500
2	22.562500	-43.625000	-160.062500
2	22.562500	-43.625000	-160.062500
2	22.562500	-43.625000	-160.062500
2	22.562500	-43.625000	-160.062500
2	22.562500	-43.625000	-160.062500
2	22.562500	-43.625000	-160.062500
2	22.562500	-43.625000	-160.062500
2	22.562500	-43.625000	-160.062500
2	22.562500	-43.625000	-160.062500
2	22.562500	-43.625000	-160.062500
2	22.562500	-43.625000	-160.062500
2	22.562500	-43.625000	-160.062500
2	22.562500	-43.625000	-160.062500
2	22.562500	-43.625000	-160.062500
2	22.562500	-43.625000	-160.062500
2	22.562500	-43.625000	-160.062500
2	22.562500	-43.625000	-160.062500
2	22.562500	-43.625000	-160.062500
2	22.562500	-43.625000	-160.062500
2	22.562500	-43.625000	-160.062500
2	22.562500	-43.625000	-160.062500
2	22.562500	-43.625000	-160.062500
2	22.562500	-43.625000	-160.062500
2	22.562500	-43.625000	-160.062500
2	21.812500	-42.500000	-159.625000
2	21.812500	-42.500000	-159.625000
2	21.812500	-42.500000	-159.625000
2	21.812500	-42.500000	-159.625000
2	21.812500	-42.500000	-159.625000
2	21.812500	-42.500000	-159.625000
2	21.812500	-42.500000	-159.625000
2	21.812500	-42.500000	-159.625000
2	21.812500	-42.500000	-159.625000
2	21.812500	-42.500000	-159.625000
2	21.812500	-42.500000	-159.625000
2	21.812500	-42.500000	-159.625000
2	21.812500	-42.500000	-159.625000
2	21.812500	-42.500000	-159.625000
2	21.812500	-42.500000	-159.625000
2	21.812500	-42.500000	-159.625000
2	21.812500	-42.500000	-159.625000
2	21.812500	-42.500000	-159.625000
2	21.812500	-42.500000	-159.625000
2	21.812500	-42.500000	-159.625000
2	21.812500	-42.500000	-159.625000
2	21.812500	-42.500000	-159.625000
2	21.812500	-42.500000	-159.625000
2	21.812500	-42.500000	-159.625000
2	21.812500	-42.500000	-159.625000
2	21.812500	-42.500000	-159.625000
2	21.812500	-42.500000	-159.625000
2	21.812500	-42.500000	-159.625000
2	21.812500	-42.500000	-159.625000
2	21.812500	-42.500000	-159.625000
2	21.812500	-42.500000	-159.625000
2	21.437500	-40.625000	-158.875000
2	21.437500	-40.625000	-158.875000
2	21.437500	-40.625000	-158.875000
2	21.437500	-40.625000	-158.875000
2	21.437500	-40.625000	-158.875000
2	21.437500	-40.625000	-158.875000
2	21.437500	-40.625000	-158.875000
2	21.437500	-40.625000	-158.875000
2	21.437500	-40.625000	-158.875000
2	21.437500	-40.625000	-158.875000
2	21.437500	-40.625000	-158.875000
2	21.437500	-40.625000	-158.875000
2	21.437500	-40.625000	-158.875000
2	21.437500	-40.625000	-158.875000
2	21.437500	-40.625000	-158.875000
2	21.437500	-40.625000	-158.875000
2	21.437500	-40.625000	-158.875000
2	21.437500	-40.625000	-158.875000
2	21.437500	-40.625000	-158.875000
2	21.437500	-40.625000	-158.875000
2	21.437500	-40.625000	-158.875000
2	21.437500	-40.625000	-158.875000
2	21.437500	-40.625000	-158.875000
2	21.437500	-40.625000	-158.875000
2	21.437500	-40.625000	-158.875000
2	21.437500	-40.625000	-158.875000
2	21.437500	-40.625000	-158.875000
2	21.437500	-40.625000	-158.875000
2	21.437500	-40.625000	-158.875000
2	21.437500	-40.625000	-158.875000
2	21.812500	-42.125000	-158.875000
2	21.812500	-42.125000	-158.875000
2	21.812500	-42.125000	-158.875000
2	21.812500	-42.125000	-158.875000
2	21.812500	-42.125000	-158.875000
2	21.812500	-42.125000	-158.875000
2	21.812500	-42.125000	-158.875000
2	21.812500	-42.125000	-158.875000
2	21.812500	-42.125000	-158.875000
