1	-166.187500	-2048.000000	-330.875000
1	-166.187500	-2048.000000	-330.875000
1	-166.187500	-2048.000000	-330.875000
1	-166.187500	-2048.000000	-330.875000
1	-166.187500	-2048.000000	-330.875000
1	-166.187500	-2048.000000	-330.875000
1	-166.187500	-2048.000000	-330.875000
1	-166.187500	-2048.000000	-330.875000
1	-166.187500	-2048.000000	-330.875000
1	-166.187500	-2048.000000	-330.875000
1	-166.187500	-2048.000000	-330.875000
1	-166.187500	-2048.000000	-330.875000
1	-166.187500	-2048.000000	-330.875000
1	-166.187500	-2048.000000	-330.875000
1	-166.187500	-2048.000000	-330.875000
1	-165.062500	-2048.000000	-330.937500
1	-165.062500	-2048.000000	-330.937500
1	-165.062500	-2048.000000	-330.937500
1	-165.062500	-2048.000000	-330.937500
1	-165.062500	-2048.000000	-330.937500
1	-165.062500	-2048.000000	-330.937500
1	-165.062500	-2048.000000	-330.937500
1	-165.062500	-2048.000000	-330.937500
1	-165.062500	-2048.000000	-330.937500
1	-165.062500	-2048.000000	-330.937500
1	-165.062500	-2048.000000	-330.937500
1	-165.062500	-2048.000000	-330.937500
1	-165.062500	-2048.000000	-330.937500
1	-165.062500	-2048.000000	-330.937500
1	-165.062500	-2048.000000	-330.937500
1	-165.062500	-2048.000000	-330.937500
1	-165.062500	-2048.000000	-330.937500
1	-165.062500	-2048.000000	-330.937500
1	-165.062500	-2048.000000	-330.937500
1	-165.062500	-2048.000000	-330.937500
1	-165.062500	-2048.000000	-330.937500
1	-165.062500	-2048.000000	-330.937500
1	-165.062500	-2048.000000	-330.937500
1	-165.062500	-2048.000000	-330.937500
1	-165.062500	-2048.000000	-330.937500
1	-165.062500	-2048.000000	-330.937500
1	-165.062500	-2048.000000	-330.937500
1	-165.062500	-2048.000000	-330.937500
1	-165.062500	-2048.000000	-330.937500
1	-165.062500	-2048.000000	-330.937500
1	-165.062500	-2048.000000	-330.937500
1	-164.687500	-2048.000000	-330.875000
1	-164.687500	-2048.000000	-330.875000
1	-164.687500	-2048.000000	-330.875000
1	-164.687500	-2048.000000	-330.875000
1	-164.687500	-2048.000000	-330.875000
1	-164.687500	-2048.000000	-330.875000
1	-164.687500	-2048.000000	-330.875000
1	-164.687500	-2048.000000	-330.875000
1	-164.687500	-2048.000000	-330.875000
1	-164.687500	-2048.000000	-330.875000
1	-164.687500	-2048.000000	-330.875000
1	-164.687500	-2048.000000	-330.875000
1	-164.687500	-2048.000000	-330.875000
1	-164.687500	-2048.000000	-330.875000
1	-164.687500	-2048.000000	-330.875000
1	-164.687500	-2048.000000	-330.875000
1	-164.687500	-2048.000000	-330.875000
1	-164.687500	-2048.000000	-330.875000
1	-164.687500	-2048.000000	-330.875000
1	-164.687500	-2048.000000	-330.875000
1	-164.687500	-2048.000000	-330.875000
1	-164.687500	-2048.000000	-330.875000
1	-164.687500	-2048.000000	-330.875000
1	-164.687500	-2048.000000	-330.875000
1	-164.687500	-2048.000000	-330.875000
1	-164.687500	-2048.000000	-330.875000
1	-164.687500	-2048.000000	-330.875000
1	-164.687500	-2048.000000	-330.875000
1	-164.687500	-2048.000000	-330.875000
1	-164.687500	-2048.000000	-330.875000
1	-166.500000	-2048.000000	-328.875000
1	-166.500000	-2048.000000	-328.875000
1	-166.500000	-2048.000000	-328.875000
1	-166.500000	-2048.000000	-328.875000
1	-166.500000	-2048.000000	-328.875000
1	-166.500000	-2048.000000	-328.875000
1	-166.500000	-2048.000000	-328.875000
1	-166.500000	-2048.000000	-328.875000
1	-166.500000	-2048.000000	-328.875000
1	-166.500000	-2048.000000	-328.875000
1	-166.500000	-2048.000000	-328.875000
1	-166.500000	-2048.000000	-328.875000
1	-166.500000	-2048.000000	-328.875000
1	-166.500000	-2048.000000	-328.875000
1	-166.500000	-2048.000000	-328.875000
1	-166.500000	-2048.000000	-328.875000
1	-166.500000	-2048.000000	-328.875000
1	-166.500000	-2048.000000	-328.875000
1	-166.500000	-2048.000000	-328.875000
1	-166.500000	-2048.000000	-328.875000
1	-166.500000	-2048.000000	-328.875000
1	-166.500000	-2048.000000	-328.875000
1	-166.500000	-2048.000000	-328.875000
1	-166.500000	-2048.000000	-328.875000
1	-166.500000	-2048.000000	-328.875000
1	-166.500000	-2048.000000	-328.875000
1	-166.500000	-2048.000000	-328.875000
1	-166.500000	-2048.000000	-328.875000
1	-166.500000	-2048.000000	-328.875000
1	-166.500000	-2048.000000	-328.875000
1	-166.500000	-2048.000000	-328.875000
1	-165.812500	-2048.000000	-330.500000
1	-165.812500	-2048.000000	-330.500000
1	-165.812500	-2048.000000	-330.500000
1	-165.812500	-2048.000000	-330.500000
1	-165.812500	-2048.000000	-330.500000
1	-165.812500	-2048.000000	-330.500000
1	-165.812500	-2048.000000	-330.500000
1	-165.812500	-2048.000000	-330.500000
1	-165.812500	-2048.000000	-330.500000
1	-165.812500	-2048.000000	-330.500000
1	-165.812500	-2048.000000	-330.500000
1	-165.812500	-2048.000000	-330.500000
1	-165.812500	-2048.000000	-330.500000
1	-165.812500	-2048.000000	-330.500000
1	-165.812500	-2048.000000	-330.500000
1	-165.812500	-2048.000000	-330.500000
1	-165.812500	-2048.000000	-330.500000
1	-165.812500	-2048.000000	-330.500000
1	-165.812500	-2048.000000	-330.500000
1	-165.812500	-2048.000000	-330.500000
1	-165.812500	-2048.000000	-330.500000
1	-165.812500	-2048.000000	-330.500000
1	-165.812500	-2048.000000	-330.500000
1	-165.812500	-2048.000000	-330.500000
1	-165.812500	-2048.000000	-330.500000
1	-165.812500	-2048.000000	-330.500000
1	-165.812500	-2048.000000	-330.500000
1	-165.812500	-2048.000000	-330.500000
1	-165.812500	-2048.000000	-330.500000
1	-165.812500	-2048.000000	-330.500000
1	-165.812500	-2048.000000	-330.500000
1	-165.437500	-2048.000000	-329.437500
1	-165.437500	-2048.000000	-329.437500
1	-165.437500	-2048.000000	-329.437500
1	-165.437500	-2048.000000	-329.437500
1	-165.437500	-2048.000000	-329.437500
1	-165.437500	-2048.000000	-329.437500
1	-165.437500	-2048.000000	-329.437500
1	-165.437500	-2048.000000	-329.437500
1	-165.437500	-2048.000000	-329.437500
1	-165.437500	-2048.000000	-329.437500
1	-165.437500	-2048.000000	-329.437500
1	-165.437500	-2048.000000	-329.437500
1	-165.437500	-2048.000000	-329.437500
1	-165.437500	-2048.000000	-329.437500
1	-165.437500	-2048.000000	-329.437500
1	-165.437500	-2048.000000	-329.437500
1	-165.437500	-2048.000000	-329.437500
1	-165.437500	-2048.000000	-329.437500
1	-165.437500	-2048.000000	-329.437500
1	-165.437500	-2048.000000	-329.437500
1	-165.437500	-2048.000000	-329.437500
1	-165.437500	-2048.000000	-329.437500
1	-165.437500	-2048.000000	-329.437500
1	-165.437500	-2048.000000	-329.437500
1	-165.437500	-2048.000000	-329.437500
1	-165.437500	-2048.000000	-329.437500
1	-165.437500	-2048.000000	-329.437500
1	-165.437500	-2048.000000	-329.437500
1	-165.437500	-2048.000000	-329.437500
1	-165.437500	-2048.000000	-329.437500
1	-164.687500	-2048.000000	-329.687500
1	-164.687500	-2048.000000	-329.687500
1	-164.687500	-2048.000000	-329.687500
1	-164.687500	-2048.000000	-329.687500
1	-164.687500	-2048.000000	-329.687500
1	-164.687500	-2048.000000	-329.687500
1	-164.687500	-2048.000000	-329.687500
1	-164.687500	-2048.000000	-329.687500
1	-164.687500	-2048.000000	-329.687500
1	-164.687500	-2048.000000	-329.687500
1	-164.687500	-2048.000000	-329.687500
1	-164.687500	-2048.000000	-329.687500
1	-164.687500	-2048.000000	-329.687500
1	-164.687500	-2048.000000	-329.687500
1	-164.687500	-2048.000000	-329.687500
1	-164.687500	-2048.000000	-329.687500
1	-164.687500	-2048.000000	-329.687500
1	-164.687500	-2048.000000	-329.687500
1	-164.687500	-2048.000000	-329.687500
1	-164.687500	-2048.000000	-329.687500
1	-164.687500	-2048.000000	-329.687500
1	-164.687500	-2048.000000	-329.687500
1	-164.687500	-2048.000000	-329.687500
1	-164.687500	-2048.000000	-329.687500
1	-164.687500	-2048.000000	-329.687500
1	-164.687500	-2048.000000	-329.687500
1	-164.687500	-2048.000000	-329.687500
1	-164.687500	-2048.000000	-329.687500
1	-164.687500	-2048.000000	-329.687500
1	-164.687500	-2048.000000	-329.687500
1	-166.875000	-2048.000000	-330.875000
1	-166.875000	-2048.000000	-330.875000
1	-166.875000	-2048.000000	-330.875000
1	-166.875000	-2048.000000	-330.875000
1	-166.875000	-2048.000000	-330.875000
1	-166.875000	-2048.000000	-330.875000
1	-166.875000	-2048.000000	-330.875000
1	-166.875000	-2048.000000	-330.875000
1	-166.875000	-2048.000000	-330.875000
1	-166.875000	-2048.000000	-330.875000
1	-166.875000	-2048.000000	-330.875000
1	-166.875000	-2048.000000	-330.875000
1	-166.875000	-2048.000000	-330.875000
1	-166.875000	-2048.000000	-330.875000
1	-166.875000	-2048.000000	-330.875000
1	-166.875000	-2048.000000	-330.875000
1	-166.875000	-2048.000000	-330.875000
1	-166.875000	-2048.000000	-330.875000
1	-166.875000	-2048.000000	-330.875000
1	-166.875000	-2048.000000	-330.875000
1	-166.875000	-2048.000000	-330.875000
1	-166.875000	-2048.000000	-330.875000
1	-166.875000	-2048.000000	-330.875000
1	-166.875000	-2048.000000	-330.875000
1	-166.875000	-2048.000000	-330.875000
1	-166.875000	-2048.000000	-330.875000
1	-166.875000	-2048.000000	-330.875000
1	-166.875000	-2048.000000	-330.875000
1	-166.875000	-2048.000000	-330.875000
1	-166.875000	-2048.000000	-330.875000
1	-166.875000	-2048.000000	-330.875000
1	-165.437500	-2048.000000	-329.750000
1	-165.437500	-2048.000000	-329.750000
1	-165.437500	-2048.000000	-329.750000
1	-165.437500	-2048.000000	-329.750000
1	-165.437500	-2048.000000	-329.750000
1	-165.437500	-2048.000000	-329.750000
1	-165.437500	-2048.000000	-329.750000
1	-165.437500	-2048.000000	-329.750000
1	-165.437500	-2048.000000	-329.750000
1	-165.437500	-2048.000000	-329.750000
1	-165.437500	-2048.000000	-329.750000
1	-165.437500	-2048.000000	-329.750000
1	-165.437500	-2048.000000	-329.750000
1	-165.437500	-2048.000000	-329.750000
1	-165.437500	-2048.000000	-329.750000
1	-165.437500	-2048.000000	-329.750000
1	-165.437500	-2048.000000	-329.750000
1	-165.437500	-2048.000000	-329.750000
1	-165.437500	-2048.000000	-329.750000
1	-165.437500	-2048.000000	-329.750000
1	-165.437500	-2048.000000	-329.750000
1	-165.437500	-2048.000000	-329.750000
1	-165.437500	-2048.000000	-329.750000
1	-165.437500	-2048.000000	-329.750000
1	-165.437500	-2048.000000	-329.750000
1	-165.437500	-2048.000000	-329.750000
1	-165.437500	-2048.000000	-329.750000
1	-165.437500	-2048.000000	-329.750000
1	-165.437500	-2048.000000	-329.750000
1	-165.437500	-2048.000000	-329.750000
1	-163.937500	-2048.000000	-331.000000
1	-163.937500	-2048.000000	-331.000000
1	-163.937500	-2048.000000	-331.000000
1	-163.937500	-2048.000000	-331.000000
1	-163.937500	-2048.000000	-331.000000
1	-163.937500	-2048.000000	-331.000000
1	-163.937500	-2048.000000	-331.000000
1	-163.937500	-2048.000000	-331.000000
1	-163.937500	-2048.000000	-331.000000
1	-163.937500	-2048.000000	-331.000000
1	-163.937500	-2048.000000	-331.000000
1	-163.937500	-2048.000000	-331.000000
1	-163.937500	-2048.000000	-331.000000
1	-163.937500	-2048.000000	-331.000000
1	-163.937500	-2048.000000	-331.000000
1	-163.937500	-2048.000000	-331.000000
1	-163.937500	-2048.000000	-331.000000
1	-163.937500	-2048.000000	-331.000000
1	-163.937500	-2048.000000	-331.000000
1	-163.937500	-2048.000000	-331.000000
1	-163.937500	-2048.000000	-331.000000
1	-163.937500	-2048.000000	-331.000000
1	-163.937500	-2048.000000	-331.000000
1	-163.937500	-2048.000000	-331.000000
1	-163.937500	-2048.000000	-331.000000
1	-163.937500	-2048.000000	-331.000000
1	-163.937500	-2048.000000	-331.000000
1	-163.937500	-2048.000000	-331.000000
1	-163.937500	-2048.000000	-331.000000
1	-163.937500	-2048.000000	-331.000000
1	-163.937500	-2048.000000	-331.000000
1	-166.875000	-2048.000000	-329.437500
1	-166.875000	-2048.000000	-329.437500
1	-166.875000	-2048.000000	-329.437500
1	-166.875000	-2048.000000	-329.437500
1	-166.875000	-2048.000000	-329.437500
1	-166.875000	-2048.000000	-329.437500
1	-166.875000	-2048.000000	-329.437500
1	-166.875000	-2048.000000	-329.437500
1	-166.875000	-2048.000000	-329.437500
1	-166.875000	-2048.000000	-329.437500
1	-166.875000	-2048.000000	-329.437500
1	-166.875000	-2048.000000	-329.437500
1	-166.875000	-2048.000000	-329.437500
1	-166.875000	-2048.000000	-329.437500
1	-166.875000	-2048.000000	-329.437500
1	-166.875000	-2048.000000	-329.437500
1	-166.875000	-2048.000000	-329.437500
1	-166.875000	-2048.000000	-329.437500
1	-166.875000	-2048.000000	-329.437500
1	-166.875000	-2048.000000	-329.437500
1	-166.875000	-2048.000000	-329.437500
1	-166.875000	-2048.000000	-329.437500
1	-166.875000	-2048.000000	-329.437500
1	-166.875000	-2048.000000	-329.437500
1	-166.875000	-2048.000000	-329.437500
1	-166.875000	-2048.000000	-329.437500
1	-166.875000	-2048.000000	-329.437500
1	-166.875000	-2048.000000	-329.437500
1	-166.875000	-2048.000000	-329.437500
1	-166.875000	-2048.000000	-329.437500
1	-166.875000	-2048.000000	-329.750000
1	-166.875000	-2048.000000	-329.750000
1	-166.875000	-2048.000000	-329.750000
1	-166.875000	-2048.000000	-329.750000
1	-166.875000	-2048.000000	-329.750000
1	-166.875000	-2048.000000	-329.750000
1	-166.875000	-2048.000000	-329.750000
1	-166.875000	-2048.000000	-329.750000
1	-166.875000	-2048.000000	-329.750000
1	-166.875000	-2048.000000	-329.750000
1	-166.875000	-2048.000000	-329.750000
1	-166.875000	-2048.000000	-329.750000
1	-166.875000	-2048.000000	-329.750000
1	-166.875000	-2048.000000	-329.750000
1	-166.875000	-2048.000000	-329.750000
1	-166.875000	-2048.000000	-329.750000
1	-166.875000	-2048.000000	-329.750000
1	-166.875000	-2048.000000	-329.750000
1	-166.875000	-2048.000000	-329.750000
1	-166.875000	-2048.000000	-329.750000
1	-166.875000	-2048.000000	-329.750000
1	-166.875000	-2048.000000	-329.750000
1	-166.875000	-2048.000000	-329.750000
1	-166.875000	-2048.000000	-329.750000
1	-166.875000	-2048.000000	-329.750000
1	-166.875000	-2048.000000	-329.750000
1	-166.875000	-2048.000000	-329.750000
1	-166.875000	-2048.000000	-329.750000
1	-166.875000	-2048.000000	-329.750000
1	-166.875000	-2048.000000	-329.750000
1	-165.062500	-2048.000000	-330.562500
1	-165.062500	-2048.000000	-330.562500
1	-165.062500	-2048.000000	-330.562500
1	-165.062500	-2048.000000	-330.562500
1	-165.062500	-2048.000000	-330.562500
1	-165.062500	-2048.000000	-330.562500
1	-165.062500	-2048.000000	-330.562500
1	-165.062500	-2048.000000	-330.562500
1	-165.062500	-2048.000000	-330.562500
1	-165.062500	-2048.000000	-330.562500
1	-165.062500	-2048.000000	-330.562500
1	-165.062500	-2048.000000	-330.562500
1	-165.062500	-2048.000000	-330.562500
1	-165.062500	-2048.000000	-330.562500
1	-165.062500	-2048.000000	-330.562500
1	-165.062500	-2048.000000	-330.562500
1	-165.062500	-2048.000000	-330.562500
1	-165.062500	-2048.000000	-330.562500
1	-165.062500	-2048.000000	-330.562500
1	-165.062500	-2048.000000	-330.562500
1	-165.062500	-2048.000000	-330.562500
1	-165.062500	-2048.000000	-330.562500
1	-165.062500	-2048.000000	-330.562500
1	-165.062500	-2048.000000	-330.562500
1	-165.062500	-2048.000000	-330.562500
1	-165.062500	-2048.000000	-330.562500
1	-165.062500	-2048.000000	-330.562500
1	-165.062500	-2048.000000	-330.562500
1	-165.062500	-2048.000000	-330.562500
1	-165.062500	-2048.000000	-330.562500
1	-165.062500	-2048.000000	-329.812500
1	-165.062500	-2048.000000	-329.812500
1	-165.062500	-2048.000000	-329.812500
1	-165.062500	-2048.000000	-329.812500
1	-165.062500	-2048.000000	-329.812500
1	-165.062500	-2048.000000	-329.812500
1	-165.062500	-2048.000000	-329.812500
1	-165.062500	-2048.000000	-329.812500
1	-165.062500	-2048.000000	-329.812500
1	-165.062500	-2048.000000	-329.812500
1	-165.062500	-2048.000000	-329.812500
1	-165.062500	-2048.000000	-329.812500
1	-165.062500	-2048.000000	-329.812500
1	-165.062500	-2048.000000	-329.812500
1	-165.062500	-2048.000000	-329.812500
1	-165.062500	-2048.000000	-329.812500
1	-165.062500	-2048.000000	-329.812500
1	-165.062500	-2048.000000	-329.812500
1	-165.062500	-2048.000000	-329.812500
1	-165.062500	-2048.000000	-329.812500
1	-165.062500	-2048.000000	-329.812500
1	-165.062500	-2048.000000	-329.812500
1	-165.062500	-2048.000000	-329.812500
1	-165.062500	-2048.000000	-329.812500
1	-165.062500	-2048.000000	-329.812500
1	-165.062500	-2048.000000	-329.812500
1	-165.062500	-2048.000000	-329.812500
1	-165.062500	-2048.000000	-329.812500
1	-165.062500	-2048.000000	-329.812500
1	-165.062500	-2048.000000	-329.812500
1	-164.687500	-2048.000000	-330.250000
1	-164.687500	-2048.000000	-330.250000
1	-164.687500	-2048.000000	-330.250000
1	-164.687500	-2048.000000	-330.250000
1	-164.687500	-2048.000000	-330.250000
1	-164.687500	-2048.000000	-330.250000
1	-164.687500	-2048.000000	-330.250000
1	-164.687500	-2048.000000	-330.250000
1	-164.687500	-2048.000000	-330.250000
1	-164.687500	-2048.000000	-330.250000
1	-164.687500	-2048.000000	-330.250000
1	-164.687500	-2048.000000	-330.250000
1	-164.687500	-2048.000000	-330.250000
1	-164.687500	-2048.000000	-330.250000
1	-164.687500	-2048.000000	-330.250000
1	-164.687500	-2048.000000	-330.250000
1	-164.687500	-2048.000000	-330.250000
1	-164.687500	-2048.000000	-330.250000
1	-164.687500	-2048.000000	-330.250000
1	-164.687500	-2048.000000	-330.250000
1	-164.687500	-2048.000000	-330.250000
1	-164.687500	-2048.000000	-330.250000
1	-164.687500	-2048.000000	-330.250000
1	-164.687500	-2048.000000	-330.250000
1	-164.687500	-2048.000000	-330.250000
1	-164.687500	-2048.000000	-330.250000
1	-164.687500	-2048.000000	-330.250000
1	-164.687500	-2048.000000	-330.250000
1	-164.687500	-2048.000000	-330.250000
1	-164.687500	-2048.000000	-330.250000
1	-164.687500	-2048.000000	-330.250000
1	-165.812500	-2048.000000	-330.625000
1	-165.812500	-2048.000000	-330.625000
1	-165.812500	-2048.000000	-330.625000
1	-165.812500	-2048.000000	-330.625000
1	-165.812500	-2048.000000	-330.625000
1	-165.812500	-2048.000000	-330.625000
1	-165.812500	-2048.000000	-330.625000
1	-165.812500	-2048.000000	-330.625000
1	-165.812500	-2048.000000	-330.625000
1	-165.812500	-2048.000000	-330.625000
1	-165.812500	-2048.000000	-330.625000
1	-165.812500	-2048.000000	-330.625000
1	-165.812500	-2048.000000	-330.625000
1	-165.812500	-2048.000000	-330.625000
1	-165.812500	-2048.000000	-330.625000
1	-165.812500	-2048.000000	-330.625000
1	-165.812500	-2048.000000	-330.625000
1	-165.812500	-2048.000000	-330.625000
1	-165.812500	-2048.000000	-330.625000
1	-165.812500	-2048.000000	-330.625000
1	-165.812500	-2048.000000	-330.625000
1	-165.812500	-2048.000000	-330.625000
1	-165.812500	-2048.000000	-330.625000
1	-165.812500	-2048.000000	-330.625000
1	-165.812500	-2048.000000	-330.625000
1	-165.812500	-2048.000000	-330.625000
1	-165.812500	-2048.000000	-330.625000
1	-165.812500	-2048.000000	-330.625000
1	-165.812500	-2048.000000	-330.625000
1	-165.812500	-2048.000000	-330.625000
1	-164.312500	-2048.000000	-330.250000
1	-164.312500	-2048.000000	-330.250000
1	-164.312500	-2048.000000	-330.250000
1	-164.312500	-2048.000000	-330.250000
1	-164.312500	-2048.000000	-330.250000
1	-164.312500	-2048.000000	-330.250000
1	-164.312500	-2048.000000	-330.250000
1	-164.312500	-2048.000000	-330.250000
1	-164.312500	-2048.000000	-330.250000
1	-164.312500	-2048.000000	-330.250000
1	-164.312500	-2048.000000	-330.250000
1	-164.312500	-2048.000000	-330.250000
1	-164.312500	-2048.000000	-330.250000
1	-164.312500	-2048.000000	-330.250000
1	-164.312500	-2048.000000	-330.250000
1	-164.312500	-2048.000000	-330.250000
1	-164.312500	-2048.000000	-330.250000
1	-164.312500	-2048.000000	-330.250000
1	-164.312500	-2048.000000	-330.250000
1	-164.312500	-2048.000000	-330.250000
1	-164.312500	-2048.000000	-330.250000
1	-164.312500	-2048.000000	-330.250000
1	-164.312500	-2048.000000	-330.250000
1	-164.312500	-2048.000000	-330.250000
1	-164.312500	-2048.000000	-330.250000
1	-164.312500	-2048.000000	-330.250000
1	-164.312500	-2048.000000	-330.250000
1	-164.312500	-2048.000000	-330.250000
1	-164.312500	-2048.000000	-330.250000
1	-164.312500	-2048.000000	-330.250000
1	-164.312500	-2048.000000	-330.250000
1	-167.250000	-2048.000000	-329.437500
1	-167.250000	-2048.000000	-329.437500
1	-167.250000	-2048.000000	-329.437500
1	-167.250000	-2048.000000	-329.437500
1	-167.250000	-2048.000000	-329.437500
1	-167.250000	-2048.000000	-329.437500
1	-167.250000	-2048.000000	-329.437500
1	-167.250000	-2048.000000	-329.437500
1	-167.250000	-2048.000000	-329.437500
1	-167.250000	-2048.000000	-329.437500
1	-167.250000	-2048.000000	-329.437500
1	-167.250000	-2048.000000	-329.437500
1	-167.250000	-2048.000000	-329.437500
1	-167.250000	-2048.000000	-329.437500
1	-167.250000	-2048.000000	-329.437500
1	-167.250000	-2048.000000	-329.437500
1	-167.250000	-2048.000000	-329.437500
1	-167.250000	-2048.000000	-329.437500
1	-167.250000	-2048.000000	-329.437500
1	-167.250000	-2048.000000	-329.437500
1	-167.250000	-2048.000000	-329.437500
1	-167.250000	-2048.000000	-329.437500
1	-167.250000	-2048.000000	-329.437500
1	-167.250000	-2048.000000	-329.437500
1	-167.250000	-2048.000000	-329.437500
1	-167.250000	-2048.000000	-329.437500
1	-167.250000	-2048.000000	-329.437500
1	-167.250000	-2048.000000	-329.437500
1	-167.250000	-2048.000000	-329.437500
1	-167.250000	-2048.000000	-329.437500
1	-167.250000	-2048.000000	-329.437500
1	-165.812500	-2048.000000	-329.062500
1	-165.812500	-2048.000000	-329.062500
1	-165.812500	-2048.000000	-329.062500
1	-165.812500	-2048.000000	-329.062500
1	-165.812500	-2048.000000	-329.062500
1	-165.812500	-2048.000000	-329.062500
1	-165.812500	-2048.000000	-329.062500
1	-165.812500	-2048.000000	-329.062500
1	-165.812500	-2048.000000	-329.062500
1	-165.812500	-2048.000000	-329.062500
1	-165.812500	-2048.000000	-329.062500
1	-165.812500	-2048.000000	-329.062500
1	-165.812500	-2048.000000	-329.062500
1	-165.812500	-2048.000000	-329.062500
1	-165.812500	-2048.000000	-329.062500
1	-165.812500	-2048.000000	-329.062500
1	-165.812500	-2048.000000	-329.062500
1	-165.812500	-2048.000000	-329.062500
1	-165.812500	-2048.000000	-329.062500
1	-165.812500	-2048.000000	-329.062500
1	-165.812500	-2048.000000	-329.062500
1	-165.812500	-2048.000000	-329.062500
1	-165.812500	-2048.000000	-329.062500
1	-165.812500	-2048.000000	-329.062500
1	-165.812500	-2048.000000	-329.062500
1	-165.812500	-2048.000000	-329.062500
1	-165.812500	-2048.000000	-329.062500
1	-165.812500	-2048.000000	-329.062500
1	-165.812500	-2048.000000	-329.062500
1	-165.812500	-2048.000000	-329.062500
1	-166.937500	-2048.000000	-329.500000
1	-166.937500	-2048.000000	-329.500000
1	-166.937500	-2048.000000	-329.500000
1	-166.937500	-2048.000000	-329.500000
1	-166.937500	-2048.000000	-329.500000
1	-166.937500	-2048.000000	-329.500000
1	-166.937500	-2048.000000	-329.500000
1	-166.937500	-2048.000000	-329.500000
1	-166.937500	-2048.000000	-329.500000
1	-166.937500	-2048.000000	-329.500000
1	-166.937500	-2048.000000	-329.500000
1	-166.937500	-2048.000000	-329.500000
1	-166.937500	-2048.000000	-329.500000
1	-166.937500	-2048.000000	-329.500000
1	-166.937500	-2048.000000	-329.500000
1	-166.937500	-2048.000000	-329.500000
1	-166.937500	-2048.000000	-329.500000
1	-166.937500	-2048.000000	-329.500000
1	-166.937500	-2048.000000	-329.500000
1	-166.937500	-2048.000000	-329.500000
1	-166.937500	-2048.000000	-329.500000
1	-166.937500	-2048.000000	-329.500000
1	-166.937500	-2048.000000	-329.500000
1	-166.937500	-2048.000000	-329.500000
1	-166.937500	-2048.000000	-329.500000
1	-166.937500	-2048.000000	-329.500000
1	-166.937500	-2048.000000	-329.500000
1	-166.937500	-2048.000000	-329.500000
1	-166.937500	-2048.000000	-329.500000
1	-166.937500	-2048.000000	-329.500000
1	-165.437500	-2048.000000	-331.062500
1	-165.437500	-2048.000000	-331.062500
1	-165.437500	-2048.000000	-331.062500
1	-165.437500	-2048.000000	-331.062500
1	-165.437500	-2048.000000	-331.062500
1	-165.437500	-2048.000000	-331.062500
1	-165.437500	-2048.000000	-331.062500
1	-165.437500	-2048.000000	-331.062500
1	-165.437500	-2048.000000	-331.062500
1	-165.437500	-2048.000000	-331.062500
1	-165.437500	-2048.000000	-331.062500
1	-165.437500	-2048.000000	-331.062500
1	-165.437500	-2048.000000	-331.062500
1	-165.437500	-2048.000000	-331.062500
1	-165.437500	-2048.000000	-331.062500
1	-165.437500	-2048.000000	-331.062500
1	-165.437500	-2048.000000	-331.062500
1	-165.437500	-2048.000000	-331.062500
1	-165.437500	-2048.000000	-331.062500
1	-165.437500	-2048.000000	-331.062500
1	-165.437500	-2048.000000	-331.062500
1	-165.437500	-2048.000000	-331.062500
1	-165.437500	-2048.000000	-331.062500
1	-165.437500	-2048.000000	-331.062500
1	-165.437500	-2048.000000	-331.062500
1	-165.437500	-2048.000000	-331.062500
1	-165.437500	-2048.000000	-331.062500
1	-165.437500	-2048.000000	-331.062500
1	-165.437500	-2048.000000	-331.062500
1	-165.437500	-2048.000000	-331.062500
1	-165.437500	-2048.000000	-331.062500
1	-166.562500	-2048.000000	-329.500000
1	-166.562500	-2048.000000	-329.500000
1	-166.562500	-2048.000000	-329.500000
1	-166.562500	-2048.000000	-329.500000
1	-166.562500	-2048.000000	-329.500000
1	-166.562500	-2048.000000	-329.500000
1	-166.562500	-2048.000000	-329.500000
1	-166.562500	-2048.000000	-329.500000
1	-166.562500	-2048.000000	-329.500000
1	-166.562500	-2048.000000	-329.500000
1	-166.562500	-2048.000000	-329.500000
1	-166.562500	-2048.000000	-329.500000
1	-166.562500	-2048.000000	-329.500000
1	-166.562500	-2048.000000	-329.500000
1	-166.562500	-2048.000000	-329.500000
1	-166.562500	-2048.000000	-329.500000
1	-166.562500	-2048.000000	-329.500000
1	-166.562500	-2048.000000	-329.500000
1	-166.562500	-2048.000000	-329.500000
1	-166.562500	-2048.000000	-329.500000
1	-166.562500	-2048.000000	-329.500000
1	-166.562500	-2048.000000	-329.500000
1	-166.562500	-2048.000000	-329.500000
1	-166.562500	-2048.000000	-329.500000
1	-166.562500	-2048.000000	-329.500000
1	-166.562500	-2048.000000	-329.500000
1	-166.562500	-2048.000000	-329.500000
1	-166.562500	-2048.000000	-329.500000
1	-166.562500	-2048.000000	-329.500000
1	-166.562500	-2048.000000	-329.500000
1	-166.937500	-2048.000000	-331.125000
1	-166.937500	-2048.000000	-331.125000
1	-166.937500	-2048.000000	-331.125000
1	-166.937500	-2048.000000	-331.125000
1	-166.937500	-2048.000000	-331.125000
1	-166.937500	-2048.000000	-331.125000
1	-166.937500	-2048.000000	-331.125000
1	-166.937500	-2048.000000	-331.125000
1	-166.937500	-2048.000000	-331.125000
1	-166.937500	-2048.000000	-331.125000
1	-166.937500	-2048.000000	-331.125000
1	-166.937500	-2048.000000	-331.125000
1	-166.937500	-2048.000000	-331.125000
1	-166.937500	-2048.000000	-331.125000
1	-166.937500	-2048.000000	-331.125000
1	-166.937500	-2048.000000	-331.125000
1	-166.937500	-2048.000000	-331.125000
1	-166.937500	-2048.000000	-331.125000
1	-166.937500	-2048.000000	-331.125000
1	-166.937500	-2048.000000	-331.125000
1	-166.937500	-2048.000000	-331.125000
1	-166.937500	-2048.000000	-331.125000
1	-166.937500	-2048.000000	-331.125000
1	-166.937500	-2048.000000	-331.125000
1	-166.937500	-2048.000000	-331.125000
1	-166.937500	-2048.000000	-331.125000
1	-166.937500	-2048.000000	-331.125000
1	-166.937500	-2048.000000	-331.125000
1	-166.937500	-2048.000000	-331.125000
1	-166.937500	-2048.000000	-331.125000
1	-166.937500	-2048.000000	-329.937500
1	-166.937500	-2048.000000	-329.937500
1	-166.937500	-2048.000000	-329.937500
1	-166.937500	-2048.000000	-329.937500
1	-166.937500	-2048.000000	-329.937500
1	-166.937500	-2048.000000	-329.937500
1	-166.937500	-2048.000000	-329.937500
1	-166.937500	-2048.000000	-329.937500
1	-166.937500	-2048.000000	-329.937500
1	-166.937500	-2048.000000	-329.937500
1	-166.937500	-2048.000000	-329.937500
1	-166.937500	-2048.000000	-329.937500
1	-166.937500	-2048.000000	-329.937500
1	-166.937500	-2048.000000	-329.937500
1	-166.937500	-2048.000000	-329.937500
1	-166.937500	-2048.000000	-329.937500
1	-166.937500	-2048.000000	-329.937500
1	-166.937500	-2048.000000	-329.937500
1	-166.937500	-2048.000000	-329.937500
1	-166.937500	-2048.000000	-329.937500
1	-166.937500	-2048.000000	-329.937500
1	-166.937500	-2048.000000	-329.937500
1	-166.937500	-2048.000000	-329.937500
1	-166.937500	-2048.000000	-329.937500
1	-166.937500	-2048.000000	-329.937500
1	-166.937500	-2048.000000	-329.937500
1	-166.937500	-2048.000000	-329.937500
1	-166.937500	-2048.000000	-329.937500
1	-166.937500	-2048.000000	-329.937500
1	-166.937500	-2048.000000	-329.937500
1	-165.812500	-2048.000000	-330.375000
1	-165.812500	-2048.000000	-330.375000
1	-165.812500	-2048.000000	-330.375000
1	-165.812500	-2048.000000	-330.375000
1	-165.812500	-2048.000000	-330.375000
1	-165.812500	-2048.000000	-330.375000
1	-165.812500	-2048.000000	-330.375000
1	-165.812500	-2048.000000	-330.375000
1	-165.812500	-2048.000000	-330.375000
1	-165.812500	-2048.000000	-330.375000
1	-165.812500	-2048.000000	-330.375000
1	-165.812500	-2048.000000	-330.375000
1	-165.812500	-2048.000000	-330.375000
1	-165.812500	-2048.000000	-330.375000
1	-165.812500	-2048.000000	-330.375000
1	-165.812500	-2048.000000	-330.375000
1	-165.812500	-2048.000000	-330.375000
1	-165.812500	-2048.000000	-330.375000
1	-165.812500	-2048.000000	-330.375000
1	-165.812500	-2048.000000	-330.375000
1	-165.812500	-2048.000000	-330.375000
1	-165.812500	-2048.000000	-330.375000
1	-165.812500	-2048.000000	-330.375000
1	-165.812500	-2048.000000	-330.375000
1	-165.812500	-2048.000000	-330.375000
1	-165.812500	-2048.000000	-330.375000
1	-165.812500	-2048.000000	-330.375000
1	-165.812500	-2048.000000	-330.375000
1	-165.812500	-2048.000000	-330.375000
1	-165.812500	-2048.000000	-330.375000
1	-165.812500	-2048.000000	-330.375000
1	-166.937500	-2048.000000	-330.375000
1	-166.937500	-2048.000000	-330.375000
1	-166.937500	-2048.000000	-330.375000
1	-166.937500	-2048.000000	-330.375000
1	-166.937500	-2048.000000	-330.375000
1	-166.937500	-2048.000000	-330.375000
1	-166.937500	-2048.000000	-330.375000
1	-166.937500	-2048.000000	-330.375000
1	-166.937500	-2048.000000	-330.375000
1	-166.937500	-2048.000000	-330.375000
1	-166.937500	-2048.000000	-330.375000
1	-166.937500	-2048.000000	-330.375000
1	-166.937500	-2048.000000	-330.375000
1	-166.937500	-2048.000000	-330.375000
1	-166.937500	-2048.000000	-330.375000
1	-166.937500	-2048.000000	-330.375000
1	-166.937500	-2048.000000	-330.375000
1	-166.937500	-2048.000000	-330.375000
1	-166.937500	-2048.000000	-330.375000
1	-166.937500	-2048.000000	-330.375000
1	-166.937500	-2048.000000	-330.375000
1	-166.937500	-2048.000000	-330.375000
1	-166.937500	-2048.000000	-330.375000
1	-166.937500	-2048.000000	-330.375000
1	-166.937500	-2048.000000	-330.375000
1	-166.937500	-2048.000000	-330.375000
1	-166.937500	-2048.000000	-330.375000
1	-166.937500	-2048.000000	-330.375000
1	-166.937500	-2048.000000	-330.375000
1	-166.937500	-2048.000000	-330.375000
1	-166.187500	-2048.000000	-329.937500
1	-166.187500	-2048.000000	-329.937500
1	-166.187500	-2048.000000	-329.937500
1	-166.187500	-2048.000000	-329.937500
1	-166.187500	-2048.000000	-329.937500
1	-166.187500	-2048.000000	-329.937500
1	-166.187500	-2048.000000	-329.937500
1	-166.187500	-2048.000000	-329.937500
1	-166.187500	-2048.000000	-329.937500
1	-166.187500	-2048.000000	-329.937500
1	-166.187500	-2048.000000	-329.937500
1	-166.187500	-2048.000000	-329.937500
1	-166.187500	-2048.000000	-329.937500
1	-166.187500	-2048.000000	-329.937500
1	-166.187500	-2048.000000	-329.937500
1	-166.187500	-2048.000000	-329.937500
1	-166.187500	-2048.000000	-329.937500
1	-166.187500	-2048.000000	-329.937500
1	-166.187500	-2048.000000	-329.937500
1	-166.187500	-2048.000000	-329.937500
1	-166.187500	-2048.000000	-329.937500
1	-166.187500	-2048.000000	-329.937500
1	-166.187500	-2048.000000	-329.937500
1	-166.187500	-2048.000000	-329.937500
1	-166.187500	-2048.000000	-329.937500
1	-166.187500	-2048.000000	-329.937500
1	-166.187500	-2048.000000	-329.937500
1	-166.187500	-2048.000000	-329.937500
1	-166.187500	-2048.000000	-329.937500
1	-166.187500	-2048.000000	-329.937500
1	-166.187500	-2048.000000	-329.937500
1	-166.187500	-2048.000000	-329.562500
1	-166.187500	-2048.000000	-329.562500
1	-166.187500	-2048.000000	-329.562500
1	-166.187500	-2048.000000	-329.562500
1	-166.187500	-2048.000000	-329.562500
1	-166.187500	-2048.000000	-329.562500
1	-166.187500	-2048.000000	-329.562500
1	-166.187500	-2048.000000	-329.562500
1	-166.187500	-2048.000000	-329.562500
1	-166.187500	-2048.000000	-329.562500
1	-166.187500	-2048.000000	-329.562500
1	-166.187500	-2048.000000	-329.562500
1	-166.187500	-2048.000000	-329.562500
1	-166.187500	-2048.000000	-329.562500
1	-166.187500	-2048.000000	-329.562500
1	-166.187500	-2048.000000	-329.562500
1	-166.187500	-2048.000000	-329.562500
1	-166.187500	-2048.000000	-329.562500
1	-166.187500	-2048.000000	-329.562500
1	-166.187500	-2048.000000	-329.562500
1	-166.187500	-2048.000000	-329.562500
1	-166.187500	-2048.000000	-329.562500
1	-166.187500	-2048.000000	-329.562500
1	-166.187500	-2048.000000	-329.562500
1	-166.187500	-2048.000000	-329.562500
1	-166.187500	-2048.000000	-329.562500
1	-166.187500	-2048.000000	-329.562500
1	-166.187500	-2048.000000	-329.562500
1	-166.187500	-2048.000000	-329.562500
1	-166.187500	-2048.000000	-329.562500
1	-166.187500	-2048.000000	-331.125000
1	-166.187500	-2048.000000	-331.125000
1	-166.187500	-2048.000000	-331.125000
1	-166.187500	-2048.000000	-331.125000
1	-166.187500	-2048.000000	-331.125000
1	-166.187500	-2048.000000	-331.125000
1	-166.187500	-2048.000000	-331.125000
1	-166.187500	-2048.000000	-331.125000
1	-166.187500	-2048.000000	-331.125000
1	-166.187500	-2048.000000	-331.125000
1	-166.187500	-2048.000000	-331.125000
1	-166.187500	-2048.000000	-331.125000
1	-166.187500	-2048.000000	-331.125000
1	-166.187500	-2048.000000	-331.125000
1	-166.187500	-2048.000000	-331.125000
1	-166.187500	-2048.000000	-331.125000
1	-166.187500	-2048.000000	-331.125000
1	-166.187500	-2048.000000	-331.125000
1	-166.187500	-2048.000000	-331.125000
1	-166.187500	-2048.000000	-331.125000
1	-166.187500	-2048.000000	-331.125000
1	-166.187500	-2048.000000	-331.125000
1	-166.187500	-2048.000000	-331.125000
1	-166.187500	-2048.000000	-331.125000
1	-166.187500	-2048.000000	-331.125000
1	-166.187500	-2048.000000	-331.125000
1	-166.187500	-2048.000000	-331.125000
1	-166.187500	-2048.000000	-331.125000
1	-166.187500	-2048.000000	-331.125000
1	-166.187500	-2048.000000	-331.125000
1	-166.187500	-2048.000000	-331.125000
1	-167.312500	-2048.000000	-330.437500
1	-167.312500	-2048.000000	-330.437500
1	-167.312500	-2048.000000	-330.437500
1	-167.312500	-2048.000000	-330.437500
1	-167.312500	-2048.000000	-330.437500
1	-167.312500	-2048.000000	-330.437500
1	-167.312500	-2048.000000	-330.437500
1	-167.312500	-2048.000000	-330.437500
1	-167.312500	-2048.000000	-330.437500
1	-167.312500	-2048.000000	-330.437500
1	-167.312500	-2048.000000	-330.437500
1	-167.312500	-2048.000000	-330.437500
1	-167.312500	-2048.000000	-330.437500
1	-167.312500	-2048.000000	-330.437500
1	-167.312500	-2048.000000	-330.437500
1	-167.312500	-2048.000000	-330.437500
1	-167.312500	-2048.000000	-330.437500
1	-167.312500	-2048.000000	-330.437500
1	-167.312500	-2048.000000	-330.437500
1	-167.312500	-2048.000000	-330.437500
1	-167.312500	-2048.000000	-330.437500
1	-167.312500	-2048.000000	-330.437500
1	-167.312500	-2048.000000	-330.437500
1	-167.312500	-2048.000000	-330.437500
1	-167.312500	-2048.000000	-330.437500
1	-167.312500	-2048.000000	-330.437500
1	-167.312500	-2048.000000	-330.437500
1	-167.312500	-2048.000000	-330.437500
1	-167.312500	-2048.000000	-330.437500
1	-167.312500	-2048.000000	-330.437500
1	-166.187500	-2048.000000	-329.187500
1	-166.187500	-2048.000000	-329.187500
1	-166.187500	-2048.000000	-329.187500
1	-166.187500	-2048.000000	-329.187500
1	-166.187500	-2048.000000	-329.187500
1	-166.187500	-2048.000000	-329.187500
1	-166.187500	-2048.000000	-329.187500
1	-166.187500	-2048.000000	-329.187500
1	-166.187500	-2048.000000	-329.187500
1	-166.187500	-2048.000000	-329.187500
1	-166.187500	-2048.000000	-329.187500
1	-166.187500	-2048.000000	-329.187500
1	-166.187500	-2048.000000	-329.187500
1	-166.187500	-2048.000000	-329.187500
1	-166.187500	-2048.000000	-329.187500
1	-166.187500	-2048.000000	-329.187500
1	-166.187500	-2048.000000	-329.187500
1	-166.187500	-2048.000000	-329.187500
1	-166.187500	-2048.000000	-329.187500
1	-166.187500	-2048.000000	-329.187500
1	-166.187500	-2048.000000	-329.187500
1	-166.187500	-2048.000000	-329.187500
1	-166.187500	-2048.000000	-329.187500
1	-166.187500	-2048.000000	-329.187500
1	-166.187500	-2048.000000	-329.187500
1	-166.187500	-2048.000000	-329.187500
1	-166.187500	-2048.000000	-329.187500
1	-166.187500	-2048.000000	-329.187500
1	-166.187500	-2048.000000	-329.187500
1	-166.187500	-2048.000000	-329.187500
1	-166.187500	-2048.000000	-329.187500
1	-165.812500	-2048.000000	-329.687500
1	-165.812500	-2048.000000	-329.687500
1	-165.812500	-2048.000000	-329.687500
1	-165.812500	-2048.000000	-329.687500
1	-165.812500	-2048.000000	-329.687500
1	-165.812500	-2048.000000	-329.687500
1	-165.812500	-2048.000000	-329.687500
1	-165.812500	-2048.000000	-329.687500
1	-165.812500	-2048.000000	-329.687500
1	-165.812500	-2048.000000	-329.687500
1	-165.812500	-2048.000000	-329.687500
1	-165.812500	-2048.000000	-329.687500
1	-165.812500	-2048.000000	-329.687500
1	-165.812500	-2048.000000	-329.687500
1	-165.812500	-2048.000000	-329.687500
1	-165.812500	-2048.000000	-329.687500
1	-165.812500	-2048.000000	-329.687500
1	-165.812500	-2048.000000	-329.687500
1	-165.812500	-2048.000000	-329.687500
1	-165.812500	-2048.000000	-329.687500
1	-165.812500	-2048.000000	-329.687500
1	-165.812500	-2048.000000	-329.687500
1	-165.812500	-2048.000000	-329.687500
1	-165.812500	-2048.000000	-329.687500
1	-165.812500	-2048.000000	-329.687500
1	-165.812500	-2048.000000	-329.687500
1	-165.812500	-2048.000000	-329.687500
1	-165.812500	-2048.000000	-329.687500
1	-165.812500	-2048.000000	-329.687500
1	-165.812500	-2048.000000	-329.687500
1	-168.000000	-2048.000000	-329.625000
1	-168.000000	-2048.000000	-329.625000
1	-168.000000	-2048.000000	-329.625000
1	-168.000000	-2048.000000	-329.625000
1	-168.000000	-2048.000000	-329.625000
1	-168.000000	-2048.000000	-329.625000
1	-168.000000	-2048.000000	-329.625000
1	-168.000000	-2048.000000	-329.625000
1	-168.000000	-2048.000000	-329.625000
1	-168.000000	-2048.000000	-329.625000
1	-168.000000	-2048.000000	-329.625000
1	-168.000000	-2048.000000	-329.625000
1	-168.000000	-2048.000000	-329.625000
1	-168.000000	-2048.000000	-329.625000
1	-168.000000	-2048.000000	-329.625000
1	-168.000000	-2048.000000	-329.625000
1	-168.000000	-2048.000000	-329.625000
1	-168.000000	-2048.000000	-329.625000
1	-168.000000	-2048.000000	-329.625000
1	-168.000000	-2048.000000	-329.625000
1	-168.000000	-2048.000000	-329.625000
1	-168.000000	-2048.000000	-329.625000
1	-168.000000	-2048.000000	-329.625000
1	-168.000000	-2048.000000	-329.625000
1	-168.000000	-2048.000000	-329.625000
1	-168.000000	-2048.000000	-329.625000
1	-168.000000	-2048.000000	-329.625000
1	-168.000000	-2048.000000	-329.625000
1	-168.000000	-2048.000000	-329.625000
1	-168.000000	-2048.000000	-329.625000
1	-166.562500	-2048.000000	-329.250000
1	-166.562500	-2048.000000	-329.250000
1	-166.562500	-2048.000000	-329.250000
1	-166.562500	-2048.000000	-329.250000
1	-166.562500	-2048.000000	-329.250000
1	-166.562500	-2048.000000	-329.250000
1	-166.562500	-2048.000000	-329.250000
1	-166.562500	-2048.000000	-329.250000
1	-166.562500	-2048.000000	-329.250000
1	-166.562500	-2048.000000	-329.250000
1	-166.562500	-2048.000000	-329.250000
1	-166.562500	-2048.000000	-329.250000
