1	-244.062500	-2048.000000	-543.500000
1	-244.062500	-2048.000000	-543.500000
1	-244.062500	-2048.000000	-543.500000
1	-244.062500	-2048.000000	-543.500000
1	-244.062500	-2048.000000	-543.500000
1	-244.062500	-2048.000000	-543.500000
1	-244.062500	-2048.000000	-543.500000
1	-244.062500	-2048.000000	-543.500000
1	-244.062500	-2048.000000	-543.500000
1	-244.062500	-2048.000000	-543.500000
1	-244.062500	-2048.000000	-543.500000
1	-244.062500	-2048.000000	-543.500000
1	-244.062500	-2048.000000	-543.500000
1	-244.062500	-2048.000000	-543.500000
1	-244.062500	-2048.000000	-543.500000
1	-244.062500	-2048.000000	-543.500000
1	-244.062500	-2048.000000	-543.500000
1	-243.312500	-2048.000000	-543.750000
1	-243.312500	-2048.000000	-543.750000
1	-243.312500	-2048.000000	-543.750000
1	-243.312500	-2048.000000	-543.750000
1	-243.312500	-2048.000000	-543.750000
1	-243.312500	-2048.000000	-543.750000
1	-243.312500	-2048.000000	-543.750000
1	-243.312500	-2048.000000	-543.750000
1	-243.312500	-2048.000000	-543.750000
1	-243.312500	-2048.000000	-543.750000
1	-243.312500	-2048.000000	-543.750000
1	-243.312500	-2048.000000	-543.750000
1	-243.312500	-2048.000000	-543.750000
1	-243.312500	-2048.000000	-543.750000
1	-243.312500	-2048.000000	-543.750000
1	-243.312500	-2048.000000	-543.750000
1	-243.312500	-2048.000000	-543.750000
1	-243.312500	-2048.000000	-543.750000
1	-243.312500	-2048.000000	-543.750000
1	-243.312500	-2048.000000	-543.750000
1	-243.312500	-2048.000000	-543.750000
1	-243.312500	-2048.000000	-543.750000
1	-243.312500	-2048.000000	-543.750000
1	-243.312500	-2048.000000	-543.750000
1	-243.312500	-2048.000000	-543.750000
1	-243.312500	-2048.000000	-543.750000
1	-243.312500	-2048.000000	-543.750000
1	-243.312500	-2048.000000	-543.750000
1	-243.312500	-2048.000000	-543.750000
1	-243.312500	-2048.000000	-543.750000
1	-243.312500	-2048.000000	-543.750000
1	-244.062500	-2048.000000	-541.875000
1	-244.062500	-2048.000000	-541.875000
1	-244.062500	-2048.000000	-541.875000
1	-244.062500	-2048.000000	-541.875000
1	-244.062500	-2048.000000	-541.875000
1	-244.062500	-2048.000000	-541.875000
1	-244.062500	-2048.000000	-541.875000
1	-244.062500	-2048.000000	-541.875000
1	-244.062500	-2048.000000	-541.875000
1	-244.062500	-2048.000000	-541.875000
1	-244.062500	-2048.000000	-541.875000
1	-244.062500	-2048.000000	-541.875000
1	-244.062500	-2048.000000	-541.875000
1	-244.062500	-2048.000000	-541.875000
1	-244.062500	-2048.000000	-541.875000
1	-244.062500	-2048.000000	-541.875000
1	-244.062500	-2048.000000	-541.875000
1	-244.062500	-2048.000000	-541.875000
1	-244.062500	-2048.000000	-541.875000
1	-244.062500	-2048.000000	-541.875000
1	-244.062500	-2048.000000	-541.875000
1	-244.062500	-2048.000000	-541.875000
1	-244.062500	-2048.000000	-541.875000
1	-244.062500	-2048.000000	-541.875000
1	-244.062500	-2048.000000	-541.875000
1	-244.062500	-2048.000000	-541.875000
1	-244.062500	-2048.000000	-541.875000
1	-244.062500	-2048.000000	-541.875000
1	-244.062500	-2048.000000	-541.875000
1	-244.062500	-2048.000000	-541.875000
1	-242.937500	-2048.000000	-541.500000
1	-242.937500	-2048.000000	-541.500000
1	-242.937500	-2048.000000	-541.500000
1	-242.937500	-2048.000000	-541.500000
1	-242.937500	-2048.000000	-541.500000
1	-242.937500	-2048.000000	-541.500000
1	-242.937500	-2048.000000	-541.500000
1	-242.937500	-2048.000000	-541.500000
1	-242.937500	-2048.000000	-541.500000
1	-242.937500	-2048.000000	-541.500000
1	-242.937500	-2048.000000	-541.500000
1	-242.937500	-2048.000000	-541.500000
1	-242.937500	-2048.000000	-541.500000
1	-242.937500	-2048.000000	-541.500000
1	-242.937500	-2048.000000	-541.500000
1	-242.937500	-2048.000000	-541.500000
1	-242.937500	-2048.000000	-541.500000
1	-242.937500	-2048.000000	-541.500000
1	-242.937500	-2048.000000	-541.500000
1	-242.937500	-2048.000000	-541.500000
1	-242.937500	-2048.000000	-541.500000
1	-242.937500	-2048.000000	-541.500000
1	-242.937500	-2048.000000	-541.500000
1	-242.937500	-2048.000000	-541.500000
1	-242.937500	-2048.000000	-541.500000
1	-242.937500	-2048.000000	-541.500000
1	-242.937500	-2048.000000	-541.500000
1	-242.937500	-2048.000000	-541.500000
1	-242.937500	-2048.000000	-541.500000
1	-242.937500	-2048.000000	-541.500000
1	-242.937500	-2048.000000	-541.500000
1	-240.375000	-2048.000000	-542.375000
1	-240.375000	-2048.000000	-542.375000
1	-240.375000	-2048.000000	-542.375000
1	-240.375000	-2048.000000	-542.375000
1	-240.375000	-2048.000000	-542.375000
1	-240.375000	-2048.000000	-542.375000
1	-240.375000	-2048.000000	-542.375000
1	-240.375000	-2048.000000	-542.375000
1	-240.375000	-2048.000000	-542.375000
1	-240.375000	-2048.000000	-542.375000
1	-240.375000	-2048.000000	-542.375000
1	-240.375000	-2048.000000	-542.375000
1	-240.375000	-2048.000000	-542.375000
1	-240.375000	-2048.000000	-542.375000
1	-240.375000	-2048.000000	-542.375000
1	-240.375000	-2048.000000	-542.375000
1	-240.375000	-2048.000000	-542.375000
1	-240.375000	-2048.000000	-542.375000
1	-240.375000	-2048.000000	-542.375000
1	-240.375000	-2048.000000	-542.375000
1	-240.375000	-2048.000000	-542.375000
1	-240.375000	-2048.000000	-542.375000
1	-240.375000	-2048.000000	-542.375000
1	-240.375000	-2048.000000	-542.375000
1	-240.375000	-2048.000000	-542.375000
1	-240.375000	-2048.000000	-542.375000
1	-240.375000	-2048.000000	-542.375000
1	-240.375000	-2048.000000	-542.375000
1	-240.375000	-2048.000000	-542.375000
1	-240.375000	-2048.000000	-542.375000
1	-240.375000	-2048.000000	-542.375000
1	-237.812500	-2048.000000	-541.875000
1	-237.812500	-2048.000000	-541.875000
1	-237.812500	-2048.000000	-541.875000
1	-237.812500	-2048.000000	-541.875000
1	-237.812500	-2048.000000	-541.875000
1	-237.812500	-2048.000000	-541.875000
1	-237.812500	-2048.000000	-541.875000
1	-237.812500	-2048.000000	-541.875000
1	-237.812500	-2048.000000	-541.875000
1	-237.812500	-2048.000000	-541.875000
1	-237.812500	-2048.000000	-541.875000
1	-237.812500	-2048.000000	-541.875000
1	-237.812500	-2048.000000	-541.875000
1	-237.812500	-2048.000000	-541.875000
1	-237.812500	-2048.000000	-541.875000
1	-237.812500	-2048.000000	-541.875000
1	-237.812500	-2048.000000	-541.875000
1	-237.812500	-2048.000000	-541.875000
1	-237.812500	-2048.000000	-541.875000
1	-237.812500	-2048.000000	-541.875000
1	-237.812500	-2048.000000	-541.875000
1	-237.812500	-2048.000000	-541.875000
1	-237.812500	-2048.000000	-541.875000
1	-237.812500	-2048.000000	-541.875000
1	-237.812500	-2048.000000	-541.875000
1	-237.812500	-2048.000000	-541.875000
1	-237.812500	-2048.000000	-541.875000
1	-237.812500	-2048.000000	-541.875000
1	-237.812500	-2048.000000	-541.875000
1	-237.812500	-2048.000000	-541.875000
1	-237.812500	-2048.000000	-541.875000
1	-239.625000	-2048.000000	-541.625000
1	-239.625000	-2048.000000	-541.625000
1	-239.625000	-2048.000000	-541.625000
1	-239.625000	-2048.000000	-541.625000
1	-239.625000	-2048.000000	-541.625000
1	-239.625000	-2048.000000	-541.625000
1	-239.625000	-2048.000000	-541.625000
1	-239.625000	-2048.000000	-541.625000
1	-239.625000	-2048.000000	-541.625000
1	-239.625000	-2048.000000	-541.625000
1	-239.625000	-2048.000000	-541.625000
1	-239.625000	-2048.000000	-541.625000
1	-239.625000	-2048.000000	-541.625000
1	-239.625000	-2048.000000	-541.625000
1	-239.625000	-2048.000000	-541.625000
1	-239.625000	-2048.000000	-541.625000
1	-239.625000	-2048.000000	-541.625000
1	-239.625000	-2048.000000	-541.625000
1	-239.625000	-2048.000000	-541.625000
1	-239.625000	-2048.000000	-541.625000
1	-239.625000	-2048.000000	-541.625000
1	-239.625000	-2048.000000	-541.625000
1	-239.625000	-2048.000000	-541.625000
1	-239.625000	-2048.000000	-541.625000
1	-239.625000	-2048.000000	-541.625000
1	-239.625000	-2048.000000	-541.625000
1	-239.625000	-2048.000000	-541.625000
1	-239.625000	-2048.000000	-541.625000
1	-239.625000	-2048.000000	-541.625000
1	-239.625000	-2048.000000	-541.625000
1	-238.875000	-2048.000000	-540.375000
1	-238.875000	-2048.000000	-540.375000
1	-238.875000	-2048.000000	-540.375000
1	-238.875000	-2048.000000	-540.375000
1	-238.875000	-2048.000000	-540.375000
1	-238.875000	-2048.000000	-540.375000
1	-238.875000	-2048.000000	-540.375000
1	-238.875000	-2048.000000	-540.375000
1	-238.875000	-2048.000000	-540.375000
1	-238.875000	-2048.000000	-540.375000
1	-238.875000	-2048.000000	-540.375000
1	-238.875000	-2048.000000	-540.375000
1	-238.875000	-2048.000000	-540.375000
1	-238.875000	-2048.000000	-540.375000
1	-238.875000	-2048.000000	-540.375000
1	-238.875000	-2048.000000	-540.375000
1	-238.875000	-2048.000000	-540.375000
1	-238.875000	-2048.000000	-540.375000
1	-238.875000	-2048.000000	-540.375000
1	-238.875000	-2048.000000	-540.375000
1	-238.875000	-2048.000000	-540.375000
1	-238.875000	-2048.000000	-540.375000
1	-238.875000	-2048.000000	-540.375000
1	-238.875000	-2048.000000	-540.375000
1	-238.875000	-2048.000000	-540.375000
1	-238.875000	-2048.000000	-540.375000
1	-238.875000	-2048.000000	-540.375000
1	-238.875000	-2048.000000	-540.375000
1	-238.875000	-2048.000000	-540.375000
1	-238.875000	-2048.000000	-540.375000
1	-238.875000	-2048.000000	-540.375000
1	-238.937500	-2048.000000	-540.500000
1	-238.937500	-2048.000000	-540.500000
1	-238.937500	-2048.000000	-540.500000
1	-238.937500	-2048.000000	-540.500000
1	-238.937500	-2048.000000	-540.500000
1	-238.937500	-2048.000000	-540.500000
1	-238.937500	-2048.000000	-540.500000
1	-238.937500	-2048.000000	-540.500000
1	-238.937500	-2048.000000	-540.500000
1	-238.937500	-2048.000000	-540.500000
1	-238.937500	-2048.000000	-540.500000
1	-238.937500	-2048.000000	-540.500000
1	-238.937500	-2048.000000	-540.500000
1	-238.937500	-2048.000000	-540.500000
1	-238.937500	-2048.000000	-540.500000
1	-238.937500	-2048.000000	-540.500000
1	-238.937500	-2048.000000	-540.500000
1	-238.937500	-2048.000000	-540.500000
1	-238.937500	-2048.000000	-540.500000
1	-238.937500	-2048.000000	-540.500000
1	-238.937500	-2048.000000	-540.500000
1	-238.937500	-2048.000000	-540.500000
1	-238.937500	-2048.000000	-540.500000
1	-238.937500	-2048.000000	-540.500000
1	-238.937500	-2048.000000	-540.500000
1	-238.937500	-2048.000000	-540.500000
1	-238.937500	-2048.000000	-540.500000
1	-238.937500	-2048.000000	-540.500000
1	-238.937500	-2048.000000	-540.500000
1	-238.937500	-2048.000000	-540.500000
1	-236.687500	-2048.000000	-539.187500
1	-236.687500	-2048.000000	-539.187500
1	-236.687500	-2048.000000	-539.187500
1	-236.687500	-2048.000000	-539.187500
1	-236.687500	-2048.000000	-539.187500
1	-236.687500	-2048.000000	-539.187500
1	-236.687500	-2048.000000	-539.187500
1	-236.687500	-2048.000000	-539.187500
1	-236.687500	-2048.000000	-539.187500
1	-236.687500	-2048.000000	-539.187500
1	-236.687500	-2048.000000	-539.187500
1	-236.687500	-2048.000000	-539.187500
1	-236.687500	-2048.000000	-539.187500
1	-236.687500	-2048.000000	-539.187500
1	-236.687500	-2048.000000	-539.187500
1	-236.687500	-2048.000000	-539.187500
1	-236.687500	-2048.000000	-539.187500
1	-236.687500	-2048.000000	-539.187500
1	-236.687500	-2048.000000	-539.187500
1	-236.687500	-2048.000000	-539.187500
1	-236.687500	-2048.000000	-539.187500
1	-236.687500	-2048.000000	-539.187500
1	-236.687500	-2048.000000	-539.187500
1	-236.687500	-2048.000000	-539.187500
1	-236.687500	-2048.000000	-539.187500
1	-236.687500	-2048.000000	-539.187500
1	-236.687500	-2048.000000	-539.187500
1	-236.687500	-2048.000000	-539.187500
1	-236.687500	-2048.000000	-539.187500
1	-236.687500	-2048.000000	-539.187500
1	-236.687500	-2048.000000	-539.187500
1	-235.937500	-2048.000000	-539.187500
1	-235.937500	-2048.000000	-539.187500
1	-235.937500	-2048.000000	-539.187500
1	-235.937500	-2048.000000	-539.187500
1	-235.937500	-2048.000000	-539.187500
1	-235.937500	-2048.000000	-539.187500
1	-235.937500	-2048.000000	-539.187500
1	-235.937500	-2048.000000	-539.187500
1	-235.937500	-2048.000000	-539.187500
1	-235.937500	-2048.000000	-539.187500
1	-235.937500	-2048.000000	-539.187500
1	-235.937500	-2048.000000	-539.187500
1	-235.937500	-2048.000000	-539.187500
1	-235.937500	-2048.000000	-539.187500
1	-235.937500	-2048.000000	-539.187500
1	-235.937500	-2048.000000	-539.187500
1	-235.937500	-2048.000000	-539.187500
1	-235.937500	-2048.000000	-539.187500
1	-235.937500	-2048.000000	-539.187500
1	-235.937500	-2048.000000	-539.187500
1	-235.937500	-2048.000000	-539.187500
1	-235.937500	-2048.000000	-539.187500
1	-235.937500	-2048.000000	-539.187500
1	-235.937500	-2048.000000	-539.187500
1	-235.937500	-2048.000000	-539.187500
1	-235.937500	-2048.000000	-539.187500
1	-235.937500	-2048.000000	-539.187500
1	-235.937500	-2048.000000	-539.187500
1	-235.937500	-2048.000000	-539.187500
1	-235.937500	-2048.000000	-539.187500
1	-235.937500	-2048.000000	-539.187500
1	-231.500000	-2048.000000	-538.125000
1	-231.500000	-2048.000000	-538.125000
1	-231.500000	-2048.000000	-538.125000
1	-231.500000	-2048.000000	-538.125000
1	-231.500000	-2048.000000	-538.125000
1	-231.500000	-2048.000000	-538.125000
1	-231.500000	-2048.000000	-538.125000
1	-231.500000	-2048.000000	-538.125000
1	-231.500000	-2048.000000	-538.125000
1	-231.500000	-2048.000000	-538.125000
1	-231.500000	-2048.000000	-538.125000
1	-231.500000	-2048.000000	-538.125000
1	-231.500000	-2048.000000	-538.125000
1	-231.500000	-2048.000000	-538.125000
1	-231.500000	-2048.000000	-538.125000
1	-231.500000	-2048.000000	-538.125000
1	-231.500000	-2048.000000	-538.125000
1	-231.500000	-2048.000000	-538.125000
1	-231.500000	-2048.000000	-538.125000
1	-231.500000	-2048.000000	-538.125000
1	-231.500000	-2048.000000	-538.125000
1	-231.500000	-2048.000000	-538.125000
1	-231.500000	-2048.000000	-538.125000
1	-231.500000	-2048.000000	-538.125000
1	-231.500000	-2048.000000	-538.125000
1	-231.500000	-2048.000000	-538.125000
1	-231.500000	-2048.000000	-538.125000
1	-231.500000	-2048.000000	-538.125000
1	-231.500000	-2048.000000	-538.125000
1	-231.500000	-2048.000000	-538.125000
1	-231.500000	-2048.000000	-538.125000
1	-232.625000	-2048.000000	-538.500000
1	-232.625000	-2048.000000	-538.500000
1	-232.625000	-2048.000000	-538.500000
1	-232.625000	-2048.000000	-538.500000
1	-232.625000	-2048.000000	-538.500000
1	-232.625000	-2048.000000	-538.500000
1	-232.625000	-2048.000000	-538.500000
1	-232.625000	-2048.000000	-538.500000
1	-232.625000	-2048.000000	-538.500000
1	-232.625000	-2048.000000	-538.500000
1	-232.625000	-2048.000000	-538.500000
1	-232.625000	-2048.000000	-538.500000
1	-232.625000	-2048.000000	-538.500000
1	-232.625000	-2048.000000	-538.500000
1	-232.625000	-2048.000000	-538.500000
1	-232.625000	-2048.000000	-538.500000
1	-232.625000	-2048.000000	-538.500000
1	-232.625000	-2048.000000	-538.500000
1	-232.625000	-2048.000000	-538.500000
1	-232.625000	-2048.000000	-538.500000
1	-232.625000	-2048.000000	-538.500000
1	-232.625000	-2048.000000	-538.500000
1	-232.625000	-2048.000000	-538.500000
1	-232.625000	-2048.000000	-538.500000
1	-232.625000	-2048.000000	-538.500000
1	-232.625000	-2048.000000	-538.500000
1	-232.625000	-2048.000000	-538.500000
1	-232.625000	-2048.000000	-538.500000
1	-232.625000	-2048.000000	-538.500000
1	-232.625000	-2048.000000	-538.500000
1	-232.625000	-2048.000000	-538.500000
1	-229.312500	-2048.000000	-536.437500
1	-229.312500	-2048.000000	-536.437500
1	-229.312500	-2048.000000	-536.437500
1	-229.312500	-2048.000000	-536.437500
1	-229.312500	-2048.000000	-536.437500
1	-229.312500	-2048.000000	-536.437500
1	-229.312500	-2048.000000	-536.437500
1	-229.312500	-2048.000000	-536.437500
1	-229.312500	-2048.000000	-536.437500
1	-229.312500	-2048.000000	-536.437500
1	-229.312500	-2048.000000	-536.437500
1	-229.312500	-2048.000000	-536.437500
1	-229.312500	-2048.000000	-536.437500
1	-229.312500	-2048.000000	-536.437500
1	-229.312500	-2048.000000	-536.437500
1	-229.312500	-2048.000000	-536.437500
1	-229.312500	-2048.000000	-536.437500
1	-229.312500	-2048.000000	-536.437500
1	-229.312500	-2048.000000	-536.437500
1	-229.312500	-2048.000000	-536.437500
1	-229.312500	-2048.000000	-536.437500
1	-229.312500	-2048.000000	-536.437500
1	-229.312500	-2048.000000	-536.437500
1	-229.312500	-2048.000000	-536.437500
1	-229.312500	-2048.000000	-536.437500
1	-229.312500	-2048.000000	-536.437500
1	-229.312500	-2048.000000	-536.437500
1	-229.312500	-2048.000000	-536.437500
1	-229.312500	-2048.000000	-536.437500
1	-229.312500	-2048.000000	-536.437500
1	-226.000000	-2048.000000	-533.062500
1	-226.000000	-2048.000000	-533.062500
1	-226.000000	-2048.000000	-533.062500
1	-226.000000	-2048.000000	-533.062500
1	-226.000000	-2048.000000	-533.062500
1	-226.000000	-2048.000000	-533.062500
1	-226.000000	-2048.000000	-533.062500
1	-226.000000	-2048.000000	-533.062500
1	-226.000000	-2048.000000	-533.062500
1	-226.000000	-2048.000000	-533.062500
1	-226.000000	-2048.000000	-533.062500
1	-226.000000	-2048.000000	-533.062500
1	-226.000000	-2048.000000	-533.062500
1	-226.000000	-2048.000000	-533.062500
1	-226.000000	-2048.000000	-533.062500
1	-226.000000	-2048.000000	-533.062500
1	-226.000000	-2048.000000	-533.062500
1	-226.000000	-2048.000000	-533.062500
1	-226.000000	-2048.000000	-533.062500
1	-226.000000	-2048.000000	-533.062500
1	-226.000000	-2048.000000	-533.062500
1	-226.000000	-2048.000000	-533.062500
1	-226.000000	-2048.000000	-533.062500
1	-226.000000	-2048.000000	-533.062500
1	-226.000000	-2048.000000	-533.062500
1	-226.000000	-2048.000000	-533.062500
1	-226.000000	-2048.000000	-533.062500
1	-226.000000	-2048.000000	-533.062500
1	-226.000000	-2048.000000	-533.062500
1	-226.000000	-2048.000000	-533.062500
1	-226.000000	-2048.000000	-533.062500
1	-224.125000	-2048.000000	-532.125000
1	-224.125000	-2048.000000	-532.125000
1	-224.125000	-2048.000000	-532.125000
1	-224.125000	-2048.000000	-532.125000
1	-224.125000	-2048.000000	-532.125000
1	-224.125000	-2048.000000	-532.125000
1	-224.125000	-2048.000000	-532.125000
1	-224.125000	-2048.000000	-532.125000
1	-224.125000	-2048.000000	-532.125000
1	-224.125000	-2048.000000	-532.125000
1	-224.125000	-2048.000000	-532.125000
1	-224.125000	-2048.000000	-532.125000
1	-224.125000	-2048.000000	-532.125000
1	-224.125000	-2048.000000	-532.125000
1	-224.125000	-2048.000000	-532.125000
1	-224.125000	-2048.000000	-532.125000
1	-224.125000	-2048.000000	-532.125000
1	-224.125000	-2048.000000	-532.125000
1	-224.125000	-2048.000000	-532.125000
1	-224.125000	-2048.000000	-532.125000
1	-224.125000	-2048.000000	-532.125000
1	-224.125000	-2048.000000	-532.125000
1	-224.125000	-2048.000000	-532.125000
1	-224.125000	-2048.000000	-532.125000
1	-224.125000	-2048.000000	-532.125000
1	-224.125000	-2048.000000	-532.125000
1	-224.125000	-2048.000000	-532.125000
1	-224.125000	-2048.000000	-532.125000
1	-224.125000	-2048.000000	-532.125000
1	-224.125000	-2048.000000	-532.125000
1	-224.125000	-2048.000000	-532.625000
1	-224.125000	-2048.000000	-532.625000
1	-224.125000	-2048.000000	-532.625000
1	-224.125000	-2048.000000	-532.625000
1	-224.125000	-2048.000000	-532.625000
1	-224.125000	-2048.000000	-532.625000
1	-224.125000	-2048.000000	-532.625000
1	-224.125000	-2048.000000	-532.625000
1	-224.125000	-2048.000000	-532.625000
1	-224.125000	-2048.000000	-532.625000
1	-224.125000	-2048.000000	-532.625000
1	-224.125000	-2048.000000	-532.625000
1	-224.125000	-2048.000000	-532.625000
1	-224.125000	-2048.000000	-532.625000
1	-224.125000	-2048.000000	-532.625000
1	-224.125000	-2048.000000	-532.625000
1	-224.125000	-2048.000000	-532.625000
1	-224.125000	-2048.000000	-532.625000
1	-224.125000	-2048.000000	-532.625000
1	-224.125000	-2048.000000	-532.625000
1	-224.125000	-2048.000000	-532.625000
1	-224.125000	-2048.000000	-532.625000
1	-224.125000	-2048.000000	-532.625000
1	-224.125000	-2048.000000	-532.625000
1	-224.125000	-2048.000000	-532.625000
1	-224.125000	-2048.000000	-532.625000
1	-224.125000	-2048.000000	-532.625000
1	-224.125000	-2048.000000	-532.625000
1	-224.125000	-2048.000000	-532.625000
1	-224.125000	-2048.000000	-532.625000
1	-224.125000	-2048.000000	-532.625000
1	-223.750000	-2048.000000	-532.562500
1	-223.750000	-2048.000000	-532.562500
1	-223.750000	-2048.000000	-532.562500
1	-223.750000	-2048.000000	-532.562500
1	-223.750000	-2048.000000	-532.562500
1	-223.750000	-2048.000000	-532.562500
1	-223.750000	-2048.000000	-532.562500
1	-223.750000	-2048.000000	-532.562500
1	-223.750000	-2048.000000	-532.562500
1	-223.750000	-2048.000000	-532.562500
1	-223.750000	-2048.000000	-532.562500
1	-223.750000	-2048.000000	-532.562500
1	-223.750000	-2048.000000	-532.562500
1	-223.750000	-2048.000000	-532.562500
1	-223.750000	-2048.000000	-532.562500
1	-223.750000	-2048.000000	-532.562500
1	-223.750000	-2048.000000	-532.562500
1	-223.750000	-2048.000000	-532.562500
1	-223.750000	-2048.000000	-532.562500
1	-223.750000	-2048.000000	-532.562500
1	-223.750000	-2048.000000	-532.562500
1	-223.750000	-2048.000000	-532.562500
1	-223.750000	-2048.000000	-532.562500
1	-223.750000	-2048.000000	-532.562500
1	-223.750000	-2048.000000	-532.562500
1	-223.750000	-2048.000000	-532.562500
1	-223.750000	-2048.000000	-532.562500
1	-223.750000	-2048.000000	-532.562500
1	-223.750000	-2048.000000	-532.562500
1	-223.750000	-2048.000000	-532.562500
1	-224.125000	-2048.000000	-531.562500
1	-224.125000	-2048.000000	-531.562500
1	-224.125000	-2048.000000	-531.562500
1	-224.125000	-2048.000000	-531.562500
1	-224.125000	-2048.000000	-531.562500
1	-224.125000	-2048.000000	-531.562500
1	-224.125000	-2048.000000	-531.562500
1	-224.125000	-2048.000000	-531.562500
1	-224.125000	-2048.000000	-531.562500
1	-224.125000	-2048.000000	-531.562500
1	-224.125000	-2048.000000	-531.562500
1	-224.125000	-2048.000000	-531.562500
1	-224.125000	-2048.000000	-531.562500
1	-224.125000	-2048.000000	-531.562500
1	-224.125000	-2048.000000	-531.562500
1	-224.125000	-2048.000000	-531.562500
1	-224.125000	-2048.000000	-531.562500
1	-224.125000	-2048.000000	-531.562500
1	-224.125000	-2048.000000	-531.562500
1	-224.125000	-2048.000000	-531.562500
1	-224.125000	-2048.000000	-531.562500
1	-224.125000	-2048.000000	-531.562500
1	-224.125000	-2048.000000	-531.562500
1	-224.125000	-2048.000000	-531.562500
1	-224.125000	-2048.000000	-531.562500
1	-224.125000	-2048.000000	-531.562500
1	-224.125000	-2048.000000	-531.562500
1	-224.125000	-2048.000000	-531.562500
1	-224.125000	-2048.000000	-531.562500
1	-224.125000	-2048.000000	-531.562500
1	-224.125000	-2048.000000	-531.562500
1	-225.625000	-2048.000000	-530.937500
1	-225.625000	-2048.000000	-530.937500
1	-225.625000	-2048.000000	-530.937500
1	-225.625000	-2048.000000	-530.937500
1	-225.625000	-2048.000000	-530.937500
1	-225.625000	-2048.000000	-530.937500
1	-225.625000	-2048.000000	-530.937500
1	-225.625000	-2048.000000	-530.937500
1	-225.625000	-2048.000000	-530.937500
1	-225.625000	-2048.000000	-530.937500
1	-225.625000	-2048.000000	-530.937500
1	-225.625000	-2048.000000	-530.937500
1	-225.625000	-2048.000000	-530.937500
1	-225.625000	-2048.000000	-530.937500
1	-225.625000	-2048.000000	-530.937500
1	-225.625000	-2048.000000	-530.937500
1	-225.625000	-2048.000000	-530.937500
1	-225.625000	-2048.000000	-530.937500
1	-225.625000	-2048.000000	-530.937500
1	-225.625000	-2048.000000	-530.937500
1	-225.625000	-2048.000000	-530.937500
1	-225.625000	-2048.000000	-530.937500
1	-225.625000	-2048.000000	-530.937500
1	-225.625000	-2048.000000	-530.937500
1	-225.625000	-2048.000000	-530.937500
1	-225.625000	-2048.000000	-530.937500
1	-225.625000	-2048.000000	-530.937500
1	-225.625000	-2048.000000	-530.937500
1	-225.625000	-2048.000000	-530.937500
1	-225.625000	-2048.000000	-530.937500
1	-222.687500	-2048.000000	-529.375000
1	-222.687500	-2048.000000	-529.375000
1	-222.687500	-2048.000000	-529.375000
1	-222.687500	-2048.000000	-529.375000
1	-222.687500	-2048.000000	-529.375000
1	-222.687500	-2048.000000	-529.375000
1	-222.687500	-2048.000000	-529.375000
1	-222.687500	-2048.000000	-529.375000
1	-222.687500	-2048.000000	-529.375000
1	-222.687500	-2048.000000	-529.375000
1	-222.687500	-2048.000000	-529.375000
1	-222.687500	-2048.000000	-529.375000
1	-222.687500	-2048.000000	-529.375000
1	-222.687500	-2048.000000	-529.375000
1	-222.687500	-2048.000000	-529.375000
1	-222.687500	-2048.000000	-529.375000
1	-222.687500	-2048.000000	-529.375000
1	-222.687500	-2048.000000	-529.375000
1	-222.687500	-2048.000000	-529.375000
1	-222.687500	-2048.000000	-529.375000
1	-222.687500	-2048.000000	-529.375000
1	-222.687500	-2048.000000	-529.375000
1	-222.687500	-2048.000000	-529.375000
1	-222.687500	-2048.000000	-529.375000
1	-222.687500	-2048.000000	-529.375000
1	-222.687500	-2048.000000	-529.375000
1	-222.687500	-2048.000000	-529.375000
1	-222.687500	-2048.000000	-529.375000
1	-222.687500	-2048.000000	-529.375000
1	-222.687500	-2048.000000	-529.375000
1	-223.000000	-2048.000000	-527.750000
1	-223.000000	-2048.000000	-527.750000
1	-223.000000	-2048.000000	-527.750000
1	-223.000000	-2048.000000	-527.750000
1	-223.000000	-2048.000000	-527.750000
1	-223.000000	-2048.000000	-527.750000
1	-223.000000	-2048.000000	-527.750000
1	-223.000000	-2048.000000	-527.750000
1	-223.000000	-2048.000000	-527.750000
1	-223.000000	-2048.000000	-527.750000
1	-223.000000	-2048.000000	-527.750000
1	-223.000000	-2048.000000	-527.750000
1	-223.000000	-2048.000000	-527.750000
1	-223.000000	-2048.000000	-527.750000
1	-223.000000	-2048.000000	-527.750000
1	-223.000000	-2048.000000	-527.750000
1	-223.000000	-2048.000000	-527.750000
1	-223.000000	-2048.000000	-527.750000
1	-223.000000	-2048.000000	-527.750000
1	-223.000000	-2048.000000	-527.750000
1	-223.000000	-2048.000000	-527.750000
1	-223.000000	-2048.000000	-527.750000
1	-223.000000	-2048.000000	-527.750000
1	-223.000000	-2048.000000	-527.750000
1	-223.000000	-2048.000000	-527.750000
1	-223.000000	-2048.000000	-527.750000
1	-223.000000	-2048.000000	-527.750000
1	-223.000000	-2048.000000	-527.750000
1	-223.000000	-2048.000000	-527.750000
1	-223.000000	-2048.000000	-527.750000
1	-223.000000	-2048.000000	-527.750000
1	-223.375000	-2048.000000	-527.687500
1	-223.375000	-2048.000000	-527.687500
1	-223.375000	-2048.000000	-527.687500
1	-223.375000	-2048.000000	-527.687500
1	-223.375000	-2048.000000	-527.687500
1	-223.375000	-2048.000000	-527.687500
1	-223.375000	-2048.000000	-527.687500
1	-223.375000	-2048.000000	-527.687500
1	-223.375000	-2048.000000	-527.687500
1	-223.375000	-2048.000000	-527.687500
1	-223.375000	-2048.000000	-527.687500
1	-223.375000	-2048.000000	-527.687500
1	-223.375000	-2048.000000	-527.687500
1	-223.375000	-2048.000000	-527.687500
1	-223.375000	-2048.000000	-527.687500
1	-223.375000	-2048.000000	-527.687500
1	-223.375000	-2048.000000	-527.687500
1	-223.375000	-2048.000000	-527.687500
1	-223.375000	-2048.000000	-527.687500
1	-223.375000	-2048.000000	-527.687500
1	-223.375000	-2048.000000	-527.687500
1	-223.375000	-2048.000000	-527.687500
1	-223.375000	-2048.000000	-527.687500
1	-223.375000	-2048.000000	-527.687500
1	-223.375000	-2048.000000	-527.687500
1	-223.375000	-2048.000000	-527.687500
1	-223.375000	-2048.000000	-527.687500
1	-223.375000	-2048.000000	-527.687500
1	-223.375000	-2048.000000	-527.687500
1	-223.375000	-2048.000000	-527.687500
1	-223.375000	-2048.000000	-525.375000
1	-223.375000	-2048.000000	-525.375000
1	-223.375000	-2048.000000	-525.375000
1	-223.375000	-2048.000000	-525.375000
1	-223.375000	-2048.000000	-525.375000
1	-223.375000	-2048.000000	-525.375000
1	-223.375000	-2048.000000	-525.375000
1	-223.375000	-2048.000000	-525.375000
1	-223.375000	-2048.000000	-525.375000
1	-223.375000	-2048.000000	-525.375000
1	-223.375000	-2048.000000	-525.375000
1	-223.375000	-2048.000000	-525.375000
1	-223.375000	-2048.000000	-525.375000
1	-223.375000	-2048.000000	-525.375000
1	-223.375000	-2048.000000	-525.375000
1	-223.375000	-2048.000000	-525.375000
1	-223.375000	-2048.000000	-525.375000
1	-223.375000	-2048.000000	-525.375000
1	-223.375000	-2048.000000	-525.375000
1	-223.375000	-2048.000000	-525.375000
1	-223.375000	-2048.000000	-525.375000
1	-223.375000	-2048.000000	-525.375000
1	-223.375000	-2048.000000	-525.375000
1	-223.375000	-2048.000000	-525.375000
1	-223.375000	-2048.000000	-525.375000
1	-223.375000	-2048.000000	-525.375000
1	-223.375000	-2048.000000	-525.375000
1	-223.375000	-2048.000000	-525.375000
1	-223.375000	-2048.000000	-525.375000
1	-223.375000	-2048.000000	-525.375000
1	-219.687500	-2048.000000	-524.625000
1	-219.687500	-2048.000000	-524.625000
1	-219.687500	-2048.000000	-524.625000
1	-219.687500	-2048.000000	-524.625000
1	-219.687500	-2048.000000	-524.625000
1	-219.687500	-2048.000000	-524.625000
1	-219.687500	-2048.000000	-524.625000
1	-219.687500	-2048.000000	-524.625000
1	-219.687500	-2048.000000	-524.625000
1	-219.687500	-2048.000000	-524.625000
1	-219.687500	-2048.000000	-524.625000
1	-219.687500	-2048.000000	-524.625000
1	-219.687500	-2048.000000	-524.625000
1	-219.687500	-2048.000000	-524.625000
1	-219.687500	-2048.000000	-524.625000
1	-219.687500	-2048.000000	-524.625000
1	-219.687500	-2048.000000	-524.625000
1	-219.687500	-2048.000000	-524.625000
1	-219.687500	-2048.000000	-524.625000
1	-219.687500	-2048.000000	-524.625000
1	-219.687500	-2048.000000	-524.625000
1	-219.687500	-2048.000000	-524.625000
1	-219.687500	-2048.000000	-524.625000
1	-219.687500	-2048.000000	-524.625000
1	-219.687500	-2048.000000	-524.625000
1	-219.687500	-2048.000000	-524.625000
1	-219.687500	-2048.000000	-524.625000
1	-219.687500	-2048.000000	-524.625000
1	-219.687500	-2048.000000	-524.625000
1	-219.687500	-2048.000000	-524.625000
1	-219.687500	-2048.000000	-524.625000
1	-218.250000	-2048.000000	-525.125000
1	-218.250000	-2048.000000	-525.125000
1	-218.250000	-2048.000000	-525.125000
1	-218.250000	-2048.000000	-525.125000
1	-218.250000	-2048.000000	-525.125000
1	-218.250000	-2048.000000	-525.125000
1	-218.250000	-2048.000000	-525.125000
1	-218.250000	-2048.000000	-525.125000
1	-218.250000	-2048.000000	-525.125000
1	-218.250000	-2048.000000	-525.125000
1	-218.250000	-2048.000000	-525.125000
1	-218.250000	-2048.000000	-525.125000
1	-218.250000	-2048.000000	-525.125000
1	-218.250000	-2048.000000	-525.125000
1	-218.250000	-2048.000000	-525.125000
1	-218.250000	-2048.000000	-525.125000
1	-218.250000	-2048.000000	-525.125000
1	-218.250000	-2048.000000	-525.125000
1	-218.250000	-2048.000000	-525.125000
1	-218.250000	-2048.000000	-525.125000
1	-218.250000	-2048.000000	-525.125000
1	-218.250000	-2048.000000	-525.125000
1	-218.250000	-2048.000000	-525.125000
1	-218.250000	-2048.000000	-525.125000
1	-218.250000	-2048.000000	-525.125000
1	-218.250000	-2048.000000	-525.125000
1	-218.250000	-2048.000000	-525.125000
1	-218.250000	-2048.000000	-525.125000
1	-218.250000	-2048.000000	-525.125000
1	-219.312500	-2048.000000	-524.312500
1	-219.312500	-2048.000000	-524.312500
1	-219.312500	-2048.000000	-524.312500
1	-219.312500	-2048.000000	-524.312500
1	-219.312500	-2048.000000	-524.312500
1	-219.312500	-2048.000000	-524.312500
1	-219.312500	-2048.000000	-524.312500
1	-219.312500	-2048.000000	-524.312500
1	-219.312500	-2048.000000	-524.312500
1	-219.312500	-2048.000000	-524.312500
1	-219.312500	-2048.000000	-524.312500
1	-219.312500	-2048.000000	-524.312500
1	-219.312500	-2048.000000	-524.312500
1	-219.312500	-2048.000000	-524.312500
1	-219.312500	-2048.000000	-524.312500
1	-219.312500	-2048.000000	-524.312500
1	-219.312500	-2048.000000	-524.312500
1	-219.312500	-2048.000000	-524.312500
1	-219.312500	-2048.000000	-524.312500
1	-219.312500	-2048.000000	-524.312500
1	-219.312500	-2048.000000	-524.312500
1	-219.312500	-2048.000000	-524.312500
1	-219.312500	-2048.000000	-524.312500
1	-219.312500	-2048.000000	-524.312500
1	-219.312500	-2048.000000	-524.312500
1	-219.312500	-2048.000000	-524.312500
1	-219.312500	-2048.000000	-524.312500
1	-219.312500	-2048.000000	-524.312500
1	-219.312500	-2048.000000	-524.312500
1	-219.312500	-2048.000000	-524.312500
1	-219.312500	-2048.000000	-524.312500
1	-218.250000	-2048.000000	-521.937500
1	-218.250000	-2048.000000	-521.937500
1	-218.250000	-2048.000000	-521.937500
1	-218.250000	-2048.000000	-521.937500
1	-218.250000	-2048.000000	-521.937500
1	-218.250000	-2048.000000	-521.937500
1	-218.250000	-2048.000000	-521.937500
1	-218.250000	-2048.000000	-521.937500
1	-218.250000	-2048.000000	-521.937500
1	-218.250000	-2048.000000	-521.937500
1	-218.250000	-2048.000000	-521.937500
1	-218.250000	-2048.000000	-521.937500
1	-218.250000	-2048.000000	-521.937500
1	-218.250000	-2048.000000	-521.937500
1	-218.250000	-2048.000000	-521.937500
1	-218.250000	-2048.000000	-521.937500
1	-218.250000	-2048.000000	-521.937500
1	-218.250000	-2048.000000	-521.937500
1	-218.250000	-2048.000000	-521.937500
1	-218.250000	-2048.000000	-521.937500
1	-218.250000	-2048.000000	-521.937500
1	-218.250000	-2048.000000	-521.937500
1	-218.250000	-2048.000000	-521.937500
1	-218.250000	-2048.000000	-521.937500
1	-218.250000	-2048.000000	-521.937500
1	-218.250000	-2048.000000	-521.937500
1	-218.250000	-2048.000000	-521.937500
1	-218.250000	-2048.000000	-521.937500
1	-218.250000	-2048.000000	-521.937500
1	-218.250000	-2048.000000	-521.937500
1	-218.250000	-2048.000000	-521.937500
1	-218.250000	-2048.000000	-520.000000
1	-218.250000	-2048.000000	-520.000000
1	-218.250000	-2048.000000	-520.000000
1	-218.250000	-2048.000000	-520.000000
1	-218.250000	-2048.000000	-520.000000
1	-218.250000	-2048.000000	-520.000000
1	-218.250000	-2048.000000	-520.000000
1	-218.250000	-2048.000000	-520.000000
1	-218.250000	-2048.000000	-520.000000
1	-218.250000	-2048.000000	-520.000000
1	-218.250000	-2048.000000	-520.000000
1	-218.250000	-2048.000000	-520.000000
1	-218.250000	-2048.000000	-520.000000
1	-218.250000	-2048.000000	-520.000000
1	-218.250000	-2048.000000	-520.000000
1	-218.250000	-2048.000000	-520.000000
1	-218.250000	-2048.000000	-520.000000
1	-218.250000	-2048.000000	-520.000000
1	-218.250000	-2048.000000	-520.000000
1	-218.250000	-2048.000000	-520.000000
1	-218.250000	-2048.000000	-520.000000
1	-218.250000	-2048.000000	-520.000000
1	-218.250000	-2048.000000	-520.000000
1	-218.250000	-2048.000000	-520.000000
1	-218.250000	-2048.000000	-520.000000
1	-218.250000	-2048.000000	-520.000000
1	-218.250000	-2048.000000	-520.000000
1	-218.250000	-2048.000000	-520.000000
1	-218.250000	-2048.000000	-520.000000
1	-218.250000	-2048.000000	-520.000000
1	-218.250000	-2048.000000	-520.000000
1	-220.062500	-2048.000000	-520.750000
1	-220.062500	-2048.000000	-520.750000
1	-220.062500	-2048.000000	-520.750000
1	-220.062500	-2048.000000	-520.750000
1	-220.062500	-2048.000000	-520.750000
1	-220.062500	-2048.000000	-520.750000
1	-220.062500	-2048.000000	-520.750000
1	-220.062500	-2048.000000	-520.750000
1	-220.062500	-2048.000000	-520.750000
1	-220.062500	-2048.000000	-520.750000
1	-220.062500	-2048.000000	-520.750000
1	-220.062500	-2048.000000	-520.750000
1	-220.062500	-2048.000000	-520.750000
1	-220.062500	-2048.000000	-520.750000
1	-220.062500	-2048.000000	-520.750000
1	-220.062500	-2048.000000	-520.750000
1	-220.062500	-2048.000000	-520.750000
1	-220.062500	-2048.000000	-520.750000
1	-220.062500	-2048.000000	-520.750000
1	-220.062500	-2048.000000	-520.750000
1	-220.062500	-2048.000000	-520.750000
1	-220.062500	-2048.000000	-520.750000
1	-220.062500	-2048.000000	-520.750000
1	-220.062500	-2048.000000	-520.750000
1	-220.062500	-2048.000000	-520.750000
1	-220.062500	-2048.000000	-520.750000
1	-220.062500	-2048.000000	-520.750000
1	-220.062500	-2048.000000	-520.750000
1	-220.062500	-2048.000000	-520.750000
1	-220.062500	-2048.000000	-520.750000
1	-220.062500	-2048.000000	-520.750000
1	-218.625000	-2048.000000	-517.250000
1	-218.625000	-2048.000000	-517.250000
1	-218.625000	-2048.000000	-517.250000
1	-218.625000	-2048.000000	-517.250000
1	-218.625000	-2048.000000	-517.250000
1	-218.625000	-2048.000000	-517.250000
1	-218.625000	-2048.000000	-517.250000
1	-218.625000	-2048.000000	-517.250000
1	-218.625000	-2048.000000	-517.250000
1	-218.625000	-2048.000000	-517.250000
1	-218.625000	-2048.000000	-517.250000
1	-218.625000	-2048.000000	-517.250000
1	-218.625000	-2048.000000	-517.250000
1	-218.625000	-2048.000000	-517.250000
1	-218.625000	-2048.000000	-517.250000
1	-218.625000	-2048.000000	-517.250000
1	-218.625000	-2048.000000	-517.250000
1	-218.625000	-2048.000000	-517.250000
1	-218.625000	-2048.000000	-517.250000
1	-218.625000	-2048.000000	-517.250000
1	-218.625000	-2048.000000	-517.250000
1	-218.625000	-2048.000000	-517.250000
1	-218.625000	-2048.000000	-517.250000
1	-218.625000	-2048.000000	-517.250000
1	-218.625000	-2048.000000	-517.250000
1	-218.625000	-2048.000000	-517.250000
1	-218.625000	-2048.000000	-517.250000
1	-218.625000	-2048.000000	-517.250000
1	-218.625000	-2048.000000	-517.250000
1	-218.625000	-2048.000000	-517.250000
1	-214.562500	-2048.000000	-516.437500
1	-214.562500	-2048.000000	-516.437500
1	-214.562500	-2048.000000	-516.437500
1	-214.562500	-2048.000000	-516.437500
1	-214.562500	-2048.000000	-516.437500
1	-214.562500	-2048.000000	-516.437500
1	-214.562500	-2048.000000	-516.437500
1	-214.562500	-2048.000000	-516.437500
1	-214.562500	-2048.000000	-516.437500
1	-214.562500	-2048.000000	-516.437500
1	-214.562500	-2048.000000	-516.437500
1	-214.562500	-2048.000000	-516.437500
1	-214.562500	-2048.000000	-516.437500
1	-214.562500	-2048.000000	-516.437500
1	-214.562500	-2048.000000	-516.437500
1	-214.562500	-2048.000000	-516.437500
1	-214.562500	-2048.000000	-516.437500
1	-214.562500	-2048.000000	-516.437500
1	-214.562500	-2048.000000	-516.437500
1	-214.562500	-2048.000000	-516.437500
1	-214.562500	-2048.000000	-516.437500
1	-214.562500	-2048.000000	-516.437500
1	-214.562500	-2048.000000	-516.437500
1	-214.562500	-2048.000000	-516.437500
1	-214.562500	-2048.000000	-516.437500
1	-214.562500	-2048.000000	-516.437500
1	-214.562500	-2048.000000	-516.437500
1	-214.562500	-2048.000000	-516.437500
1	-214.562500	-2048.000000	-516.437500
1	-214.562500	-2048.000000	-516.437500
1	-212.312500	-2048.000000	-513.687500
1	-212.312500	-2048.000000	-513.687500
1	-212.312500	-2048.000000	-513.687500
1	-212.312500	-2048.000000	-513.687500
1	-212.312500	-2048.000000	-513.687500
1	-212.312500	-2048.000000	-513.687500
1	-212.312500	-2048.000000	-513.687500
1	-212.312500	-2048.000000	-513.687500
1	-212.312500	-2048.000000	-513.687500
1	-212.312500	-2048.000000	-513.687500
1	-212.312500	-2048.000000	-513.687500
1	-212.312500	-2048.000000	-513.687500
1	-212.312500	-2048.000000	-513.687500
1	-212.312500	-2048.000000	-513.687500
1	-212.312500	-2048.000000	-513.687500
1	-212.312500	-2048.000000	-513.687500
1	-212.312500	-2048.000000	-513.687500
1	-212.312500	-2048.000000	-513.687500
1	-212.312500	-2048.000000	-513.687500
1	-212.312500	-2048.000000	-513.687500
1	-212.312500	-2048.000000	-513.687500
1	-212.312500	-2048.000000	-513.687500
1	-212.312500	-2048.000000	-513.687500
1	-212.312500	-2048.000000	-513.687500
1	-212.312500	-2048.000000	-513.687500
1	-212.312500	-2048.000000	-513.687500
1	-212.312500	-2048.000000	-513.687500
1	-212.312500	-2048.000000	-513.687500
1	-212.312500	-2048.000000	-513.687500
1	-212.312500	-2048.000000	-513.687500
1	-210.875000	-2048.000000	-513.250000
1	-210.875000	-2048.000000	-513.250000
1	-210.875000	-2048.000000	-513.250000
1	-210.875000	-2048.000000	-513.250000
1	-210.875000	-2048.000000	-513.250000
1	-210.875000	-2048.000000	-513.250000
