1	-357.875000	-2048.000000	-372.875000
1	-357.875000	-2048.000000	-372.875000
1	-357.875000	-2048.000000	-372.875000
1	-357.875000	-2048.000000	-372.875000
1	-357.875000	-2048.000000	-372.875000
1	-357.875000	-2048.000000	-372.875000
1	-357.875000	-2048.000000	-372.875000
1	-357.875000	-2048.000000	-372.875000
1	-357.875000	-2048.000000	-372.875000
1	-356.375000	-2048.000000	-371.812500
1	-356.375000	-2048.000000	-371.812500
1	-356.375000	-2048.000000	-371.812500
1	-356.375000	-2048.000000	-371.812500
1	-356.375000	-2048.000000	-371.812500
1	-356.375000	-2048.000000	-371.812500
1	-356.375000	-2048.000000	-371.812500
1	-356.375000	-2048.000000	-371.812500
1	-356.375000	-2048.000000	-371.812500
1	-356.375000	-2048.000000	-371.812500
1	-356.375000	-2048.000000	-371.812500
1	-356.375000	-2048.000000	-371.812500
1	-356.375000	-2048.000000	-371.812500
1	-356.375000	-2048.000000	-371.812500
1	-356.375000	-2048.000000	-371.812500
1	-356.375000	-2048.000000	-371.812500
1	-356.375000	-2048.000000	-371.812500
1	-356.375000	-2048.000000	-371.812500
1	-356.375000	-2048.000000	-371.812500
1	-356.375000	-2048.000000	-371.812500
1	-356.375000	-2048.000000	-371.812500
1	-356.375000	-2048.000000	-371.812500
1	-356.375000	-2048.000000	-371.812500
1	-356.375000	-2048.000000	-371.812500
1	-356.375000	-2048.000000	-371.812500
1	-356.375000	-2048.000000	-371.812500
1	-356.375000	-2048.000000	-371.812500
1	-356.375000	-2048.000000	-371.812500
1	-356.375000	-2048.000000	-371.812500
1	-356.375000	-2048.000000	-371.812500
1	-356.375000	-2048.000000	-371.812500
1	-377.437500	-2048.000000	-384.500000
1	-377.437500	-2048.000000	-384.500000
1	-377.437500	-2048.000000	-384.500000
1	-377.437500	-2048.000000	-384.500000
1	-377.437500	-2048.000000	-384.500000
1	-377.437500	-2048.000000	-384.500000
1	-377.437500	-2048.000000	-384.500000
1	-377.437500	-2048.000000	-384.500000
1	-377.437500	-2048.000000	-384.500000
1	-377.437500	-2048.000000	-384.500000
1	-377.437500	-2048.000000	-384.500000
1	-377.437500	-2048.000000	-384.500000
1	-377.437500	-2048.000000	-384.500000
1	-377.437500	-2048.000000	-384.500000
1	-377.437500	-2048.000000	-384.500000
1	-377.437500	-2048.000000	-384.500000
1	-377.437500	-2048.000000	-384.500000
1	-377.437500	-2048.000000	-384.500000
1	-377.437500	-2048.000000	-384.500000
1	-377.437500	-2048.000000	-384.500000
1	-377.437500	-2048.000000	-384.500000
1	-377.437500	-2048.000000	-384.500000
1	-377.437500	-2048.000000	-384.500000
1	-377.437500	-2048.000000	-384.500000
1	-377.437500	-2048.000000	-384.500000
1	-377.437500	-2048.000000	-384.500000
1	-377.437500	-2048.000000	-384.500000
1	-377.437500	-2048.000000	-384.500000
1	-377.437500	-2048.000000	-384.500000
1	-377.437500	-2048.000000	-384.500000
1	-387.750000	-2048.000000	-396.062500
1	-387.750000	-2048.000000	-396.062500
1	-387.750000	-2048.000000	-396.062500
1	-387.750000	-2048.000000	-396.062500
1	-387.750000	-2048.000000	-396.062500
1	-387.750000	-2048.000000	-396.062500
1	-387.750000	-2048.000000	-396.062500
1	-387.750000	-2048.000000	-396.062500
1	-387.750000	-2048.000000	-396.062500
1	-387.750000	-2048.000000	-396.062500
1	-387.750000	-2048.000000	-396.062500
1	-387.750000	-2048.000000	-396.062500
1	-387.750000	-2048.000000	-396.062500
1	-387.750000	-2048.000000	-396.062500
1	-387.750000	-2048.000000	-396.062500
1	-387.750000	-2048.000000	-396.062500
1	-387.750000	-2048.000000	-396.062500
1	-387.750000	-2048.000000	-396.062500
1	-387.750000	-2048.000000	-396.062500
1	-387.750000	-2048.000000	-396.062500
1	-387.750000	-2048.000000	-396.062500
1	-387.750000	-2048.000000	-396.062500
1	-387.750000	-2048.000000	-396.062500
1	-387.750000	-2048.000000	-396.062500
1	-387.750000	-2048.000000	-396.062500
1	-387.750000	-2048.000000	-396.062500
1	-387.750000	-2048.000000	-396.062500
1	-387.750000	-2048.000000	-396.062500
1	-387.750000	-2048.000000	-396.062500
1	-387.750000	-2048.000000	-396.062500
1	-385.937500	-2048.000000	-395.250000
1	-385.937500	-2048.000000	-395.250000
1	-385.937500	-2048.000000	-395.250000
1	-385.937500	-2048.000000	-395.250000
1	-385.937500	-2048.000000	-395.250000
1	-385.937500	-2048.000000	-395.250000
1	-385.937500	-2048.000000	-395.250000
1	-385.937500	-2048.000000	-395.250000
1	-385.937500	-2048.000000	-395.250000
1	-385.937500	-2048.000000	-395.250000
1	-385.937500	-2048.000000	-395.250000
1	-385.937500	-2048.000000	-395.250000
1	-385.937500	-2048.000000	-395.250000
1	-385.937500	-2048.000000	-395.250000
1	-385.937500	-2048.000000	-395.250000
1	-385.937500	-2048.000000	-395.250000
1	-385.937500	-2048.000000	-395.250000
1	-385.937500	-2048.000000	-395.250000
1	-385.937500	-2048.000000	-395.250000
1	-385.937500	-2048.000000	-395.250000
1	-385.937500	-2048.000000	-395.250000
1	-385.937500	-2048.000000	-395.250000
1	-385.937500	-2048.000000	-395.250000
1	-385.937500	-2048.000000	-395.250000
1	-385.937500	-2048.000000	-395.250000
1	-385.937500	-2048.000000	-395.250000
1	-385.937500	-2048.000000	-395.250000
1	-385.937500	-2048.000000	-395.250000
1	-385.937500	-2048.000000	-395.250000
1	-385.937500	-2048.000000	-395.250000
1	-385.937500	-2048.000000	-395.250000
1	-384.062500	-2048.000000	-395.625000
1	-384.062500	-2048.000000	-395.625000
1	-384.062500	-2048.000000	-395.625000
1	-384.062500	-2048.000000	-395.625000
1	-384.062500	-2048.000000	-395.625000
1	-384.062500	-2048.000000	-395.625000
1	-384.062500	-2048.000000	-395.625000
1	-384.062500	-2048.000000	-395.625000
1	-384.062500	-2048.000000	-395.625000
1	-384.062500	-2048.000000	-395.625000
1	-384.062500	-2048.000000	-395.625000
1	-384.062500	-2048.000000	-395.625000
1	-384.062500	-2048.000000	-395.625000
1	-384.062500	-2048.000000	-395.625000
1	-384.062500	-2048.000000	-395.625000
1	-384.062500	-2048.000000	-395.625000
1	-384.062500	-2048.000000	-395.625000
1	-384.062500	-2048.000000	-395.625000
1	-384.062500	-2048.000000	-395.625000
1	-384.062500	-2048.000000	-395.625000
1	-384.062500	-2048.000000	-395.625000
1	-384.062500	-2048.000000	-395.625000
1	-384.062500	-2048.000000	-395.625000
1	-384.062500	-2048.000000	-395.625000
1	-384.062500	-2048.000000	-395.625000
1	-384.062500	-2048.000000	-395.625000
1	-384.062500	-2048.000000	-395.625000
1	-384.062500	-2048.000000	-395.625000
1	-384.062500	-2048.000000	-395.625000
1	-381.875000	-2048.000000	-395.250000
1	-381.875000	-2048.000000	-395.250000
1	-381.875000	-2048.000000	-395.250000
1	-381.875000	-2048.000000	-395.250000
1	-381.875000	-2048.000000	-395.250000
1	-381.875000	-2048.000000	-395.250000
1	-381.875000	-2048.000000	-395.250000
1	-381.875000	-2048.000000	-395.250000
1	-381.875000	-2048.000000	-395.250000
1	-381.875000	-2048.000000	-395.250000
1	-381.875000	-2048.000000	-395.250000
1	-381.875000	-2048.000000	-395.250000
1	-381.875000	-2048.000000	-395.250000
1	-381.875000	-2048.000000	-395.250000
1	-381.875000	-2048.000000	-395.250000
1	-381.875000	-2048.000000	-395.250000
1	-381.875000	-2048.000000	-395.250000
1	-381.875000	-2048.000000	-395.250000
1	-381.875000	-2048.000000	-395.250000
1	-381.875000	-2048.000000	-395.250000
1	-381.875000	-2048.000000	-395.250000
1	-381.875000	-2048.000000	-395.250000
1	-381.875000	-2048.000000	-395.250000
1	-381.875000	-2048.000000	-395.250000
1	-381.875000	-2048.000000	-395.250000
1	-381.875000	-2048.000000	-395.250000
1	-381.875000	-2048.000000	-395.250000
1	-381.875000	-2048.000000	-395.250000
1	-381.875000	-2048.000000	-395.250000
1	-381.875000	-2048.000000	-395.250000
1	-381.875000	-2048.000000	-395.250000
1	-384.062500	-2048.000000	-395.625000
1	-384.062500	-2048.000000	-395.625000
1	-384.062500	-2048.000000	-395.625000
1	-384.062500	-2048.000000	-395.625000
1	-384.062500	-2048.000000	-395.625000
1	-384.062500	-2048.000000	-395.625000
1	-384.062500	-2048.000000	-395.625000
1	-384.062500	-2048.000000	-395.625000
1	-384.062500	-2048.000000	-395.625000
1	-384.062500	-2048.000000	-395.625000
1	-384.062500	-2048.000000	-395.625000
1	-384.062500	-2048.000000	-395.625000
1	-384.062500	-2048.000000	-395.625000
1	-384.062500	-2048.000000	-395.625000
1	-384.062500	-2048.000000	-395.625000
1	-384.062500	-2048.000000	-395.625000
1	-384.062500	-2048.000000	-395.625000
1	-384.062500	-2048.000000	-395.625000
1	-384.062500	-2048.000000	-395.625000
1	-384.062500	-2048.000000	-395.625000
1	-384.062500	-2048.000000	-395.625000
1	-384.062500	-2048.000000	-395.625000
1	-384.062500	-2048.000000	-395.625000
1	-384.062500	-2048.000000	-395.625000
1	-384.062500	-2048.000000	-395.625000
1	-384.062500	-2048.000000	-395.625000
1	-384.062500	-2048.000000	-395.625000
1	-383.312500	-2048.000000	-394.062500
1	-383.312500	-2048.000000	-394.062500
1	-383.312500	-2048.000000	-394.062500
1	-383.312500	-2048.000000	-394.062500
1	-383.312500	-2048.000000	-394.062500
1	-383.312500	-2048.000000	-394.062500
1	-383.312500	-2048.000000	-394.062500
1	-383.312500	-2048.000000	-394.062500
1	-383.312500	-2048.000000	-394.062500
1	-383.312500	-2048.000000	-394.062500
1	-383.312500	-2048.000000	-394.062500
1	-383.312500	-2048.000000	-394.062500
1	-383.312500	-2048.000000	-394.062500
1	-383.312500	-2048.000000	-394.062500
1	-383.312500	-2048.000000	-394.062500
1	-383.312500	-2048.000000	-394.062500
1	-383.312500	-2048.000000	-394.062500
1	-383.312500	-2048.000000	-394.062500
1	-383.312500	-2048.000000	-394.062500
1	-383.312500	-2048.000000	-394.062500
1	-383.312500	-2048.000000	-394.062500
1	-383.312500	-2048.000000	-394.062500
1	-383.312500	-2048.000000	-394.062500
1	-383.312500	-2048.000000	-394.062500
1	-383.312500	-2048.000000	-394.062500
1	-383.312500	-2048.000000	-394.062500
1	-383.312500	-2048.000000	-394.062500
1	-383.312500	-2048.000000	-394.062500
1	-383.312500	-2048.000000	-394.062500
1	-383.312500	-2048.000000	-394.062500
1	-383.375000	-2048.000000	-394.812500
1	-383.375000	-2048.000000	-394.812500
1	-383.375000	-2048.000000	-394.812500
1	-383.375000	-2048.000000	-394.812500
1	-383.375000	-2048.000000	-394.812500
1	-383.375000	-2048.000000	-394.812500
1	-383.375000	-2048.000000	-394.812500
1	-383.375000	-2048.000000	-394.812500
1	-383.375000	-2048.000000	-394.812500
1	-383.375000	-2048.000000	-394.812500
1	-383.375000	-2048.000000	-394.812500
1	-383.375000	-2048.000000	-394.812500
1	-383.375000	-2048.000000	-394.812500
1	-383.375000	-2048.000000	-394.812500
1	-383.375000	-2048.000000	-394.812500
1	-383.375000	-2048.000000	-394.812500
1	-383.375000	-2048.000000	-394.812500
1	-383.375000	-2048.000000	-394.812500
1	-383.375000	-2048.000000	-394.812500
1	-383.375000	-2048.000000	-394.812500
1	-383.375000	-2048.000000	-394.812500
1	-383.375000	-2048.000000	-394.812500
1	-383.375000	-2048.000000	-394.812500
1	-383.375000	-2048.000000	-394.812500
1	-383.375000	-2048.000000	-394.812500
1	-383.375000	-2048.000000	-394.812500
1	-383.375000	-2048.000000	-394.812500
1	-383.375000	-2048.000000	-394.812500
1	-383.375000	-2048.000000	-394.812500
1	-383.375000	-2048.000000	-394.812500
1	-382.250000	-2048.000000	-394.500000
1	-382.250000	-2048.000000	-394.500000
1	-382.250000	-2048.000000	-394.500000
1	-382.250000	-2048.000000	-394.500000
1	-382.250000	-2048.000000	-394.500000
1	-382.250000	-2048.000000	-394.500000
1	-382.250000	-2048.000000	-394.500000
1	-382.250000	-2048.000000	-394.500000
1	-382.250000	-2048.000000	-394.500000
1	-382.250000	-2048.000000	-394.500000
1	-382.250000	-2048.000000	-394.500000
1	-382.250000	-2048.000000	-394.500000
1	-382.250000	-2048.000000	-394.500000
1	-382.250000	-2048.000000	-394.500000
1	-382.250000	-2048.000000	-394.500000
1	-382.250000	-2048.000000	-394.500000
1	-382.250000	-2048.000000	-394.500000
1	-382.250000	-2048.000000	-394.500000
1	-382.250000	-2048.000000	-394.500000
1	-382.250000	-2048.000000	-394.500000
1	-382.250000	-2048.000000	-394.500000
1	-382.250000	-2048.000000	-394.500000
1	-382.250000	-2048.000000	-394.500000
1	-382.250000	-2048.000000	-394.500000
1	-382.250000	-2048.000000	-394.500000
1	-382.250000	-2048.000000	-394.500000
1	-382.250000	-2048.000000	-394.500000
1	-382.250000	-2048.000000	-394.500000
1	-382.250000	-2048.000000	-394.500000
1	-383.750000	-2048.000000	-394.125000
1	-383.750000	-2048.000000	-394.125000
1	-383.750000	-2048.000000	-394.125000
1	-383.750000	-2048.000000	-394.125000
1	-383.750000	-2048.000000	-394.125000
1	-383.750000	-2048.000000	-394.125000
1	-383.750000	-2048.000000	-394.125000
1	-383.750000	-2048.000000	-394.125000
1	-383.750000	-2048.000000	-394.125000
1	-383.750000	-2048.000000	-394.125000
1	-383.750000	-2048.000000	-394.125000
1	-383.750000	-2048.000000	-394.125000
1	-383.750000	-2048.000000	-394.125000
1	-383.750000	-2048.000000	-394.125000
1	-383.750000	-2048.000000	-394.125000
1	-383.750000	-2048.000000	-394.125000
1	-383.750000	-2048.000000	-394.125000
1	-383.750000	-2048.000000	-394.125000
1	-383.750000	-2048.000000	-394.125000
1	-383.750000	-2048.000000	-394.125000
1	-383.750000	-2048.000000	-394.125000
1	-383.750000	-2048.000000	-394.125000
1	-383.750000	-2048.000000	-394.125000
1	-383.750000	-2048.000000	-394.125000
1	-383.750000	-2048.000000	-394.125000
1	-383.750000	-2048.000000	-394.125000
1	-383.750000	-2048.000000	-394.125000
1	-383.750000	-2048.000000	-394.125000
1	-383.750000	-2048.000000	-394.125000
1	-383.750000	-2048.000000	-394.125000
1	-383.750000	-2048.000000	-394.125000
1	-383.750000	-2048.000000	-395.312500
1	-383.750000	-2048.000000	-395.312500
1	-383.750000	-2048.000000	-395.312500
1	-383.750000	-2048.000000	-395.312500
1	-383.750000	-2048.000000	-395.312500
1	-383.750000	-2048.000000	-395.312500
1	-383.750000	-2048.000000	-395.312500
1	-383.750000	-2048.000000	-395.312500
1	-383.750000	-2048.000000	-395.312500
1	-383.750000	-2048.000000	-395.312500
1	-383.750000	-2048.000000	-395.312500
1	-383.750000	-2048.000000	-395.312500
1	-383.750000	-2048.000000	-395.312500
1	-383.750000	-2048.000000	-395.312500
1	-383.750000	-2048.000000	-395.312500
1	-383.750000	-2048.000000	-395.312500
1	-383.750000	-2048.000000	-395.312500
1	-383.750000	-2048.000000	-395.312500
1	-383.750000	-2048.000000	-395.312500
1	-383.750000	-2048.000000	-395.312500
1	-383.750000	-2048.000000	-395.312500
1	-383.750000	-2048.000000	-395.312500
1	-383.750000	-2048.000000	-395.312500
1	-383.750000	-2048.000000	-395.312500
1	-383.750000	-2048.000000	-395.312500
1	-383.750000	-2048.000000	-395.312500
1	-383.750000	-2048.000000	-395.312500
1	-383.750000	-2048.000000	-395.312500
1	-383.750000	-2048.000000	-395.312500
1	-383.750000	-2048.000000	-395.312500
1	-383.750000	-2048.000000	-395.312500
1	-383.375000	-2048.000000	-396.187500
1	-383.375000	-2048.000000	-396.187500
1	-383.375000	-2048.000000	-396.187500
1	-383.375000	-2048.000000	-396.187500
1	-383.375000	-2048.000000	-396.187500
1	-383.375000	-2048.000000	-396.187500
1	-383.375000	-2048.000000	-396.187500
1	-383.375000	-2048.000000	-396.187500
1	-383.375000	-2048.000000	-396.187500
1	-383.375000	-2048.000000	-396.187500
1	-383.375000	-2048.000000	-396.187500
1	-383.375000	-2048.000000	-396.187500
1	-383.375000	-2048.000000	-396.187500
1	-383.375000	-2048.000000	-396.187500
1	-383.375000	-2048.000000	-396.187500
1	-383.375000	-2048.000000	-396.187500
1	-383.375000	-2048.000000	-396.187500
1	-383.375000	-2048.000000	-396.187500
1	-383.375000	-2048.000000	-396.187500
1	-383.375000	-2048.000000	-396.187500
1	-383.375000	-2048.000000	-396.187500
1	-383.375000	-2048.000000	-396.187500
1	-383.375000	-2048.000000	-396.187500
1	-383.375000	-2048.000000	-396.187500
1	-383.375000	-2048.000000	-396.187500
1	-383.375000	-2048.000000	-396.187500
1	-383.375000	-2048.000000	-396.187500
1	-383.375000	-2048.000000	-396.187500
1	-383.375000	-2048.000000	-396.187500
1	-383.375000	-2048.000000	-396.187500
1	-381.125000	-2048.000000	-394.187500
1	-381.125000	-2048.000000	-394.187500
1	-381.125000	-2048.000000	-394.187500
1	-381.125000	-2048.000000	-394.187500
1	-381.125000	-2048.000000	-394.187500
1	-381.125000	-2048.000000	-394.187500
1	-381.125000	-2048.000000	-394.187500
1	-381.125000	-2048.000000	-394.187500
1	-381.125000	-2048.000000	-394.187500
1	-381.125000	-2048.000000	-394.187500
1	-381.125000	-2048.000000	-394.187500
1	-381.125000	-2048.000000	-394.187500
1	-381.125000	-2048.000000	-394.187500
1	-381.125000	-2048.000000	-394.187500
1	-381.125000	-2048.000000	-394.187500
1	-381.125000	-2048.000000	-394.187500
1	-381.125000	-2048.000000	-394.187500
1	-381.125000	-2048.000000	-394.187500
1	-381.125000	-2048.000000	-394.187500
1	-381.125000	-2048.000000	-394.187500
1	-381.125000	-2048.000000	-394.187500
1	-381.125000	-2048.000000	-394.187500
1	-381.125000	-2048.000000	-394.187500
1	-381.125000	-2048.000000	-394.187500
1	-381.125000	-2048.000000	-394.187500
1	-381.125000	-2048.000000	-394.187500
1	-381.125000	-2048.000000	-394.187500
1	-381.125000	-2048.000000	-394.187500
1	-381.125000	-2048.000000	-394.187500
1	-381.125000	-2048.000000	-394.187500
1	-383.750000	-2048.000000	-392.625000
1	-383.750000	-2048.000000	-392.625000
1	-383.750000	-2048.000000	-392.625000
1	-383.750000	-2048.000000	-392.625000
1	-383.750000	-2048.000000	-392.625000
1	-383.750000	-2048.000000	-392.625000
1	-383.750000	-2048.000000	-392.625000
1	-383.750000	-2048.000000	-392.625000
1	-383.750000	-2048.000000	-392.625000
1	-383.750000	-2048.000000	-392.625000
1	-383.750000	-2048.000000	-392.625000
1	-383.750000	-2048.000000	-392.625000
1	-383.750000	-2048.000000	-392.625000
1	-383.750000	-2048.000000	-392.625000
1	-383.750000	-2048.000000	-392.625000
1	-383.750000	-2048.000000	-392.625000
1	-383.750000	-2048.000000	-392.625000
1	-383.750000	-2048.000000	-392.625000
1	-383.750000	-2048.000000	-392.625000
1	-383.750000	-2048.000000	-392.625000
1	-383.750000	-2048.000000	-392.625000
1	-383.750000	-2048.000000	-392.625000
1	-383.750000	-2048.000000	-392.625000
1	-383.750000	-2048.000000	-392.625000
1	-383.750000	-2048.000000	-392.625000
1	-383.750000	-2048.000000	-392.625000
1	-383.750000	-2048.000000	-392.625000
1	-383.750000	-2048.000000	-392.625000
1	-383.750000	-2048.000000	-392.625000
1	-383.750000	-2048.000000	-392.625000
1	-383.750000	-2048.000000	-392.625000
1	-381.125000	-2048.000000	-392.937500
1	-381.125000	-2048.000000	-392.937500
1	-381.125000	-2048.000000	-392.937500
1	-381.125000	-2048.000000	-392.937500
1	-381.125000	-2048.000000	-392.937500
1	-381.125000	-2048.000000	-392.937500
1	-381.125000	-2048.000000	-392.937500
1	-381.125000	-2048.000000	-392.937500
1	-381.125000	-2048.000000	-392.937500
1	-381.125000	-2048.000000	-392.937500
1	-381.125000	-2048.000000	-392.937500
1	-381.125000	-2048.000000	-392.937500
1	-381.125000	-2048.000000	-392.937500
1	-381.125000	-2048.000000	-392.937500
1	-381.125000	-2048.000000	-392.937500
1	-381.125000	-2048.000000	-392.937500
1	-381.125000	-2048.000000	-392.937500
1	-381.125000	-2048.000000	-392.937500
1	-381.125000	-2048.000000	-392.937500
1	-381.125000	-2048.000000	-392.937500
1	-381.125000	-2048.000000	-392.937500
1	-381.125000	-2048.000000	-392.937500
1	-381.125000	-2048.000000	-392.937500
1	-381.125000	-2048.000000	-392.937500
1	-381.125000	-2048.000000	-392.937500
1	-381.125000	-2048.000000	-392.937500
1	-381.125000	-2048.000000	-392.937500
1	-381.125000	-2048.000000	-392.937500
1	-381.125000	-2048.000000	-392.937500
1	-381.125000	-2048.000000	-392.937500
1	-377.812500	-2048.000000	-393.375000
1	-377.812500	-2048.000000	-393.375000
1	-377.812500	-2048.000000	-393.375000
1	-377.812500	-2048.000000	-393.375000
1	-377.812500	-2048.000000	-393.375000
1	-377.812500	-2048.000000	-393.375000
1	-377.812500	-2048.000000	-393.375000
1	-377.812500	-2048.000000	-393.375000
1	-377.812500	-2048.000000	-393.375000
1	-377.812500	-2048.000000	-393.375000
1	-377.812500	-2048.000000	-393.375000
1	-377.812500	-2048.000000	-393.375000
1	-377.812500	-2048.000000	-393.375000
1	-377.812500	-2048.000000	-393.375000
1	-377.812500	-2048.000000	-393.375000
1	-377.812500	-2048.000000	-393.375000
1	-377.812500	-2048.000000	-393.375000
1	-377.812500	-2048.000000	-393.375000
1	-377.812500	-2048.000000	-393.375000
1	-377.812500	-2048.000000	-393.375000
1	-377.812500	-2048.000000	-393.375000
1	-377.812500	-2048.000000	-393.375000
1	-377.812500	-2048.000000	-393.375000
1	-377.812500	-2048.000000	-393.375000
1	-377.812500	-2048.000000	-393.375000
1	-377.812500	-2048.000000	-393.375000
1	-377.812500	-2048.000000	-393.375000
1	-377.812500	-2048.000000	-393.375000
1	-377.812500	-2048.000000	-393.375000
1	-377.812500	-2048.000000	-393.375000
1	-376.000000	-2048.000000	-390.187500
1	-376.000000	-2048.000000	-390.187500
1	-376.000000	-2048.000000	-390.187500
1	-376.000000	-2048.000000	-390.187500
1	-376.000000	-2048.000000	-390.187500
1	-376.000000	-2048.000000	-390.187500
1	-376.000000	-2048.000000	-390.187500
1	-376.000000	-2048.000000	-390.187500
1	-376.000000	-2048.000000	-390.187500
1	-376.000000	-2048.000000	-390.187500
1	-376.000000	-2048.000000	-390.187500
1	-376.000000	-2048.000000	-390.187500
1	-376.000000	-2048.000000	-390.187500
1	-376.000000	-2048.000000	-390.187500
1	-376.000000	-2048.000000	-390.187500
1	-376.000000	-2048.000000	-390.187500
1	-376.000000	-2048.000000	-390.187500
1	-376.000000	-2048.000000	-390.187500
1	-376.000000	-2048.000000	-390.187500
1	-376.000000	-2048.000000	-390.187500
1	-376.000000	-2048.000000	-390.187500
1	-376.000000	-2048.000000	-390.187500
1	-376.000000	-2048.000000	-390.187500
1	-376.000000	-2048.000000	-390.187500
1	-376.000000	-2048.000000	-390.187500
1	-376.000000	-2048.000000	-390.187500
1	-376.000000	-2048.000000	-390.187500
1	-376.000000	-2048.000000	-390.187500
1	-376.000000	-2048.000000	-390.187500
1	-376.000000	-2048.000000	-390.187500
1	-374.875000	-2048.000000	-389.000000
1	-374.875000	-2048.000000	-389.000000
1	-374.875000	-2048.000000	-389.000000
1	-374.875000	-2048.000000	-389.000000
1	-374.875000	-2048.000000	-389.000000
1	-374.875000	-2048.000000	-389.000000
1	-374.875000	-2048.000000	-389.000000
1	-374.875000	-2048.000000	-389.000000
1	-374.875000	-2048.000000	-389.000000
1	-374.875000	-2048.000000	-389.000000
1	-374.875000	-2048.000000	-389.000000
1	-374.875000	-2048.000000	-389.000000
1	-374.875000	-2048.000000	-389.000000
1	-374.875000	-2048.000000	-389.000000
1	-374.875000	-2048.000000	-389.000000
1	-374.875000	-2048.000000	-389.000000
1	-374.875000	-2048.000000	-389.000000
1	-374.875000	-2048.000000	-389.000000
1	-374.875000	-2048.000000	-389.000000
1	-374.875000	-2048.000000	-389.000000
1	-374.875000	-2048.000000	-389.000000
1	-374.875000	-2048.000000	-389.000000
1	-374.875000	-2048.000000	-389.000000
1	-374.875000	-2048.000000	-389.000000
1	-374.875000	-2048.000000	-389.000000
1	-374.875000	-2048.000000	-389.000000
1	-374.875000	-2048.000000	-389.000000
1	-374.875000	-2048.000000	-389.000000
1	-374.875000	-2048.000000	-389.000000
1	-374.875000	-2048.000000	-389.000000
1	-372.312500	-2048.000000	-386.625000
1	-372.312500	-2048.000000	-386.625000
1	-372.312500	-2048.000000	-386.625000
1	-372.312500	-2048.000000	-386.625000
1	-372.312500	-2048.000000	-386.625000
1	-372.312500	-2048.000000	-386.625000
1	-372.312500	-2048.000000	-386.625000
1	-372.312500	-2048.000000	-386.625000
1	-372.312500	-2048.000000	-386.625000
1	-372.312500	-2048.000000	-386.625000
1	-372.312500	-2048.000000	-386.625000
1	-372.312500	-2048.000000	-386.625000
1	-372.312500	-2048.000000	-386.625000
1	-372.312500	-2048.000000	-386.625000
1	-372.312500	-2048.000000	-386.625000
1	-372.312500	-2048.000000	-386.625000
1	-372.312500	-2048.000000	-386.625000
1	-372.312500	-2048.000000	-386.625000
1	-372.312500	-2048.000000	-386.625000
1	-372.312500	-2048.000000	-386.625000
1	-372.312500	-2048.000000	-386.625000
1	-372.312500	-2048.000000	-386.625000
1	-372.312500	-2048.000000	-386.625000
1	-372.312500	-2048.000000	-386.625000
1	-372.312500	-2048.000000	-386.625000
1	-372.312500	-2048.000000	-386.625000
1	-372.312500	-2048.000000	-386.625000
1	-372.312500	-2048.000000	-386.625000
1	-372.312500	-2048.000000	-386.625000
1	-372.312500	-2048.000000	-386.625000
1	-375.250000	-2048.000000	-387.812500
1	-375.250000	-2048.000000	-387.812500
1	-375.250000	-2048.000000	-387.812500
1	-375.250000	-2048.000000	-387.812500
1	-375.250000	-2048.000000	-387.812500
1	-375.250000	-2048.000000	-387.812500
1	-375.250000	-2048.000000	-387.812500
1	-375.250000	-2048.000000	-387.812500
1	-375.250000	-2048.000000	-387.812500
1	-375.250000	-2048.000000	-387.812500
1	-375.250000	-2048.000000	-387.812500
1	-375.250000	-2048.000000	-387.812500
1	-375.250000	-2048.000000	-387.812500
1	-375.250000	-2048.000000	-387.812500
1	-375.250000	-2048.000000	-387.812500
1	-375.250000	-2048.000000	-387.812500
1	-375.250000	-2048.000000	-387.812500
1	-375.250000	-2048.000000	-387.812500
1	-375.250000	-2048.000000	-387.812500
1	-375.250000	-2048.000000	-387.812500
1	-375.250000	-2048.000000	-387.812500
1	-375.250000	-2048.000000	-387.812500
1	-375.250000	-2048.000000	-387.812500
1	-375.250000	-2048.000000	-387.812500
1	-375.250000	-2048.000000	-387.812500
1	-375.250000	-2048.000000	-387.812500
1	-375.250000	-2048.000000	-387.812500
1	-375.250000	-2048.000000	-387.812500
1	-375.250000	-2048.000000	-387.812500
1	-375.250000	-2048.000000	-387.812500
1	-375.250000	-2048.000000	-387.812500
1	-375.625000	-2048.000000	-387.000000
1	-375.625000	-2048.000000	-387.000000
1	-375.625000	-2048.000000	-387.000000
1	-375.625000	-2048.000000	-387.000000
1	-375.625000	-2048.000000	-387.000000
1	-375.625000	-2048.000000	-387.000000
1	-375.625000	-2048.000000	-387.000000
1	-375.625000	-2048.000000	-387.000000
1	-375.625000	-2048.000000	-387.000000
1	-375.625000	-2048.000000	-387.000000
1	-375.625000	-2048.000000	-387.000000
1	-375.625000	-2048.000000	-387.000000
1	-375.625000	-2048.000000	-387.000000
1	-375.625000	-2048.000000	-387.000000
1	-375.625000	-2048.000000	-387.000000
1	-375.625000	-2048.000000	-387.000000
1	-375.625000	-2048.000000	-387.000000
1	-375.625000	-2048.000000	-387.000000
1	-375.625000	-2048.000000	-387.000000
1	-375.625000	-2048.000000	-387.000000
1	-375.625000	-2048.000000	-387.000000
1	-375.625000	-2048.000000	-387.000000
1	-375.625000	-2048.000000	-387.000000
1	-375.625000	-2048.000000	-387.000000
1	-375.625000	-2048.000000	-387.000000
1	-375.625000	-2048.000000	-387.000000
1	-375.625000	-2048.000000	-387.000000
1	-375.625000	-2048.000000	-387.000000
1	-375.625000	-2048.000000	-387.000000
1	-375.625000	-2048.000000	-387.000000
1	-374.125000	-2048.000000	-385.937500
1	-374.125000	-2048.000000	-385.937500
1	-374.125000	-2048.000000	-385.937500
1	-374.125000	-2048.000000	-385.937500
1	-374.125000	-2048.000000	-385.937500
1	-374.125000	-2048.000000	-385.937500
1	-374.125000	-2048.000000	-385.937500
1	-374.125000	-2048.000000	-385.937500
1	-374.125000	-2048.000000	-385.937500
1	-374.125000	-2048.000000	-385.937500
1	-374.125000	-2048.000000	-385.937500
1	-374.125000	-2048.000000	-385.937500
1	-374.125000	-2048.000000	-385.937500
1	-374.125000	-2048.000000	-385.937500
1	-374.125000	-2048.000000	-385.937500
1	-374.125000	-2048.000000	-385.937500
1	-374.125000	-2048.000000	-385.937500
1	-374.125000	-2048.000000	-385.937500
1	-374.125000	-2048.000000	-385.937500
1	-374.125000	-2048.000000	-385.937500
1	-374.125000	-2048.000000	-385.937500
1	-374.125000	-2048.000000	-385.937500
1	-374.125000	-2048.000000	-385.937500
1	-374.125000	-2048.000000	-385.937500
1	-374.125000	-2048.000000	-385.937500
1	-374.125000	-2048.000000	-385.937500
1	-374.125000	-2048.000000	-385.937500
1	-374.125000	-2048.000000	-385.937500
1	-374.125000	-2048.000000	-385.937500
1	-374.125000	-2048.000000	-385.937500
1	-375.250000	-2048.000000	-387.812500
1	-375.250000	-2048.000000	-387.812500
1	-375.250000	-2048.000000	-387.812500
1	-375.250000	-2048.000000	-387.812500
1	-375.250000	-2048.000000	-387.812500
1	-375.250000	-2048.000000	-387.812500
1	-375.250000	-2048.000000	-387.812500
1	-375.250000	-2048.000000	-387.812500
1	-375.250000	-2048.000000	-387.812500
1	-375.250000	-2048.000000	-387.812500
1	-375.250000	-2048.000000	-387.812500
1	-375.250000	-2048.000000	-387.812500
1	-375.250000	-2048.000000	-387.812500
1	-375.250000	-2048.000000	-387.812500
1	-375.250000	-2048.000000	-387.812500
1	-375.250000	-2048.000000	-387.812500
1	-375.250000	-2048.000000	-387.812500
1	-375.250000	-2048.000000	-387.812500
1	-375.250000	-2048.000000	-387.812500
1	-375.250000	-2048.000000	-387.812500
1	-375.250000	-2048.000000	-387.812500
1	-375.250000	-2048.000000	-387.812500
1	-375.250000	-2048.000000	-387.812500
1	-375.250000	-2048.000000	-387.812500
1	-375.250000	-2048.000000	-387.812500
1	-375.250000	-2048.000000	-387.812500
1	-375.250000	-2048.000000	-387.812500
1	-375.250000	-2048.000000	-387.812500
1	-375.250000	-2048.000000	-387.812500
1	-375.250000	-2048.000000	-387.812500
1	-375.250000	-2048.000000	-387.812500
1	-374.125000	-2048.000000	-387.812500
1	-374.125000	-2048.000000	-387.812500
1	-374.125000	-2048.000000	-387.812500
1	-374.125000	-2048.000000	-387.812500
1	-374.125000	-2048.000000	-387.812500
1	-374.125000	-2048.000000	-387.812500
1	-374.125000	-2048.000000	-387.812500
1	-374.125000	-2048.000000	-387.812500
1	-374.125000	-2048.000000	-387.812500
1	-372.687500	-2048.000000	-387.875000
1	-372.687500	-2048.000000	-387.875000
1	-372.687500	-2048.000000	-387.875000
1	-372.687500	-2048.000000	-387.875000
1	-372.687500	-2048.000000	-387.875000
1	-372.687500	-2048.000000	-387.875000
1	-372.687500	-2048.000000	-387.875000
1	-372.687500	-2048.000000	-387.875000
1	-372.687500	-2048.000000	-387.875000
1	-372.687500	-2048.000000	-387.875000
1	-372.687500	-2048.000000	-387.875000
1	-372.687500	-2048.000000	-387.875000
1	-372.687500	-2048.000000	-387.875000
1	-372.687500	-2048.000000	-387.875000
1	-372.687500	-2048.000000	-387.875000
1	-372.687500	-2048.000000	-387.875000
1	-372.687500	-2048.000000	-387.875000
1	-372.687500	-2048.000000	-387.875000
1	-372.687500	-2048.000000	-387.875000
1	-372.687500	-2048.000000	-387.875000
1	-372.687500	-2048.000000	-387.875000
1	-372.687500	-2048.000000	-387.875000
1	-372.687500	-2048.000000	-387.875000
1	-372.687500	-2048.000000	-387.875000
1	-372.687500	-2048.000000	-387.875000
1	-372.687500	-2048.000000	-387.875000
1	-372.687500	-2048.000000	-387.875000
1	-372.687500	-2048.000000	-387.875000
1	-372.687500	-2048.000000	-387.875000
1	-372.687500	-2048.000000	-387.875000
1	-372.687500	-2048.000000	-387.875000
1	-374.500000	-2048.000000	-388.625000
1	-374.500000	-2048.000000	-388.625000
1	-374.500000	-2048.000000	-388.625000
1	-374.500000	-2048.000000	-388.625000
1	-374.500000	-2048.000000	-388.625000
1	-374.500000	-2048.000000	-388.625000
1	-374.500000	-2048.000000	-388.625000
1	-374.500000	-2048.000000	-388.625000
1	-374.500000	-2048.000000	-388.625000
1	-374.500000	-2048.000000	-388.625000
1	-374.500000	-2048.000000	-388.625000
1	-374.500000	-2048.000000	-388.625000
1	-374.500000	-2048.000000	-388.625000
1	-374.500000	-2048.000000	-388.625000
1	-374.500000	-2048.000000	-388.625000
1	-374.500000	-2048.000000	-388.625000
1	-374.500000	-2048.000000	-388.625000
1	-374.500000	-2048.000000	-388.625000
1	-374.500000	-2048.000000	-388.625000
1	-374.500000	-2048.000000	-388.625000
1	-374.500000	-2048.000000	-388.625000
1	-374.500000	-2048.000000	-388.625000
1	-374.500000	-2048.000000	-388.625000
1	-374.500000	-2048.000000	-388.625000
1	-374.500000	-2048.000000	-388.625000
1	-374.500000	-2048.000000	-388.625000
1	-374.500000	-2048.000000	-388.625000
1	-374.500000	-2048.000000	-388.625000
1	-374.500000	-2048.000000	-388.625000
1	-374.500000	-2048.000000	-388.625000
1	-373.000000	-2048.000000	-387.437500
1	-373.000000	-2048.000000	-387.437500
1	-373.000000	-2048.000000	-387.437500
1	-373.000000	-2048.000000	-387.437500
1	-373.000000	-2048.000000	-387.437500
1	-373.000000	-2048.000000	-387.437500
1	-373.000000	-2048.000000	-387.437500
1	-373.000000	-2048.000000	-387.437500
1	-373.000000	-2048.000000	-387.437500
1	-373.000000	-2048.000000	-387.437500
1	-373.000000	-2048.000000	-387.437500
1	-373.000000	-2048.000000	-387.437500
1	-373.000000	-2048.000000	-387.437500
1	-373.000000	-2048.000000	-387.437500
1	-373.000000	-2048.000000	-387.437500
1	-373.000000	-2048.000000	-387.437500
1	-373.000000	-2048.000000	-387.437500
1	-373.000000	-2048.000000	-387.437500
1	-373.000000	-2048.000000	-387.437500
1	-373.000000	-2048.000000	-387.437500
1	-373.000000	-2048.000000	-387.437500
1	-373.000000	-2048.000000	-387.437500
1	-373.000000	-2048.000000	-387.437500
1	-373.000000	-2048.000000	-387.437500
1	-373.000000	-2048.000000	-387.437500
1	-373.000000	-2048.000000	-387.437500
1	-373.000000	-2048.000000	-387.437500
1	-373.000000	-2048.000000	-387.437500
1	-373.000000	-2048.000000	-387.437500
1	-373.000000	-2048.000000	-387.437500
1	-373.000000	-2048.000000	-387.437500
1	-373.750000	-2048.000000	-386.625000
1	-373.750000	-2048.000000	-386.625000
1	-373.750000	-2048.000000	-386.625000
1	-373.750000	-2048.000000	-386.625000
1	-373.750000	-2048.000000	-386.625000
1	-373.750000	-2048.000000	-386.625000
1	-373.750000	-2048.000000	-386.625000
1	-373.750000	-2048.000000	-386.625000
1	-373.750000	-2048.000000	-386.625000
1	-373.750000	-2048.000000	-386.625000
1	-373.750000	-2048.000000	-386.625000
1	-373.750000	-2048.000000	-386.625000
1	-373.750000	-2048.000000	-386.625000
1	-373.750000	-2048.000000	-386.625000
1	-373.750000	-2048.000000	-386.625000
1	-373.750000	-2048.000000	-386.625000
1	-373.750000	-2048.000000	-386.625000
1	-373.750000	-2048.000000	-386.625000
1	-373.750000	-2048.000000	-386.625000
1	-373.750000	-2048.000000	-386.625000
1	-373.750000	-2048.000000	-386.625000
1	-373.750000	-2048.000000	-386.625000
1	-373.750000	-2048.000000	-386.625000
1	-373.750000	-2048.000000	-386.625000
1	-373.750000	-2048.000000	-386.625000
1	-373.750000	-2048.000000	-386.625000
1	-373.750000	-2048.000000	-386.625000
1	-373.750000	-2048.000000	-386.625000
1	-373.750000	-2048.000000	-386.625000
1	-373.750000	-2048.000000	-386.625000
1	-373.750000	-2048.000000	-386.625000
1	-373.375000	-2048.000000	-387.437500
1	-373.375000	-2048.000000	-387.437500
1	-373.375000	-2048.000000	-387.437500
1	-373.375000	-2048.000000	-387.437500
1	-373.375000	-2048.000000	-387.437500
1	-373.375000	-2048.000000	-387.437500
1	-373.375000	-2048.000000	-387.437500
1	-373.375000	-2048.000000	-387.437500
1	-373.375000	-2048.000000	-387.437500
1	-373.375000	-2048.000000	-387.437500
1	-373.375000	-2048.000000	-387.437500
1	-373.375000	-2048.000000	-387.437500
1	-373.375000	-2048.000000	-387.437500
1	-373.375000	-2048.000000	-387.437500
1	-373.375000	-2048.000000	-387.437500
1	-373.375000	-2048.000000	-387.437500
1	-373.375000	-2048.000000	-387.437500
1	-373.375000	-2048.000000	-387.437500
1	-373.375000	-2048.000000	-387.437500
1	-373.375000	-2048.000000	-387.437500
1	-373.375000	-2048.000000	-387.437500
1	-373.375000	-2048.000000	-387.437500
1	-373.375000	-2048.000000	-387.437500
1	-373.375000	-2048.000000	-387.437500
1	-373.375000	-2048.000000	-387.437500
1	-373.375000	-2048.000000	-387.437500
1	-373.375000	-2048.000000	-387.437500
1	-373.375000	-2048.000000	-387.437500
1	-373.375000	-2048.000000	-387.437500
1	-373.375000	-2048.000000	-387.437500
1	-373.375000	-2048.000000	-387.437500
1	-374.875000	-2048.000000	-386.250000
1	-374.875000	-2048.000000	-386.250000
1	-374.875000	-2048.000000	-386.250000
1	-374.875000	-2048.000000	-386.250000
1	-374.875000	-2048.000000	-386.250000
1	-374.875000	-2048.000000	-386.250000
1	-374.875000	-2048.000000	-386.250000
1	-374.875000	-2048.000000	-386.250000
1	-374.875000	-2048.000000	-386.250000
1	-374.875000	-2048.000000	-386.250000
1	-374.875000	-2048.000000	-386.250000
1	-374.875000	-2048.000000	-386.250000
1	-374.875000	-2048.000000	-386.250000
1	-374.875000	-2048.000000	-386.250000
1	-374.875000	-2048.000000	-386.250000
1	-374.875000	-2048.000000	-386.250000
1	-374.875000	-2048.000000	-386.250000
1	-374.875000	-2048.000000	-386.250000
1	-374.875000	-2048.000000	-386.250000
1	-374.875000	-2048.000000	-386.250000
1	-374.875000	-2048.000000	-386.250000
1	-374.875000	-2048.000000	-386.250000
1	-374.875000	-2048.000000	-386.250000
1	-374.875000	-2048.000000	-386.250000
1	-374.875000	-2048.000000	-386.250000
1	-374.875000	-2048.000000	-386.250000
1	-374.875000	-2048.000000	-386.250000
1	-374.875000	-2048.000000	-386.250000
1	-374.875000	-2048.000000	-386.250000
1	-374.875000	-2048.000000	-386.250000
1	-374.875000	-2048.000000	-386.250000
1	-375.250000	-2048.000000	-388.250000
1	-375.250000	-2048.000000	-388.250000
1	-375.250000	-2048.000000	-388.250000
1	-375.250000	-2048.000000	-388.250000
1	-375.250000	-2048.000000	-388.250000
1	-375.250000	-2048.000000	-388.250000
1	-375.250000	-2048.000000	-388.250000
1	-375.250000	-2048.000000	-388.250000
1	-375.250000	-2048.000000	-388.250000
1	-375.250000	-2048.000000	-388.250000
1	-375.250000	-2048.000000	-388.250000
1	-375.250000	-2048.000000	-388.250000
1	-375.250000	-2048.000000	-388.250000
1	-375.250000	-2048.000000	-388.250000
1	-375.250000	-2048.000000	-388.250000
1	-375.250000	-2048.000000	-388.250000
1	-375.250000	-2048.000000	-388.250000
1	-375.250000	-2048.000000	-388.250000
1	-375.250000	-2048.000000	-388.250000
1	-375.250000	-2048.000000	-388.250000
1	-375.250000	-2048.000000	-388.250000
1	-375.250000	-2048.000000	-388.250000
1	-375.250000	-2048.000000	-388.250000
1	-375.250000	-2048.000000	-388.250000
1	-375.250000	-2048.000000	-388.250000
1	-375.250000	-2048.000000	-388.250000
1	-375.250000	-2048.000000	-388.250000
1	-375.250000	-2048.000000	-388.250000
1	-375.250000	-2048.000000	-388.250000
1	-375.250000	-2048.000000	-388.250000
1	-372.687500	-2048.000000	-387.500000
1	-372.687500	-2048.000000	-387.500000
1	-372.687500	-2048.000000	-387.500000
1	-372.687500	-2048.000000	-387.500000
1	-372.687500	-2048.000000	-387.500000
1	-372.687500	-2048.000000	-387.500000
1	-372.687500	-2048.000000	-387.500000
1	-372.687500	-2048.000000	-387.500000
1	-372.687500	-2048.000000	-387.500000
1	-372.687500	-2048.000000	-387.500000
1	-372.687500	-2048.000000	-387.500000
1	-372.687500	-2048.000000	-387.500000
1	-372.687500	-2048.000000	-387.500000
1	-372.687500	-2048.000000	-387.500000
1	-372.687500	-2048.000000	-387.500000
1	-372.687500	-2048.000000	-387.500000
1	-372.687500	-2048.000000	-387.500000
1	-372.687500	-2048.000000	-387.500000
1	-372.687500	-2048.000000	-387.500000
1	-372.687500	-2048.000000	-387.500000
1	-372.687500	-2048.000000	-387.500000
1	-372.687500	-2048.000000	-387.500000
1	-372.687500	-2048.000000	-387.500000
1	-372.687500	-2048.000000	-387.500000
1	-372.687500	-2048.000000	-387.500000
1	-372.687500	-2048.000000	-387.500000
1	-372.687500	-2048.000000	-387.500000
1	-372.687500	-2048.000000	-387.500000
1	-372.687500	-2048.000000	-387.500000
1	-372.687500	-2048.000000	-387.500000
1	-372.687500	-2048.000000	-387.500000
1	-372.625000	-2048.000000	-387.000000
1	-372.625000	-2048.000000	-387.000000
1	-372.625000	-2048.000000	-387.000000
1	-372.625000	-2048.000000	-387.000000
1	-372.625000	-2048.000000	-387.000000
1	-372.625000	-2048.000000	-387.000000
1	-372.625000	-2048.000000	-387.000000
1	-372.625000	-2048.000000	-387.000000
1	-372.625000	-2048.000000	-387.000000
1	-372.625000	-2048.000000	-387.000000
1	-372.625000	-2048.000000	-387.000000
1	-372.625000	-2048.000000	-387.000000
1	-372.625000	-2048.000000	-387.000000
