1	-12.875000	-48.062500	-165.375000
1	-12.875000	-48.062500	-165.375000
1	-12.875000	-48.062500	-165.375000
1	-12.875000	-48.062500	-165.375000
1	-12.875000	-48.062500	-165.375000
1	-12.875000	-48.062500	-165.375000
1	-12.875000	-48.062500	-165.375000
1	-12.875000	-48.062500	-165.375000
1	-12.875000	-48.062500	-165.375000
1	-12.875000	-48.062500	-165.375000
1	-12.875000	-48.062500	-165.375000
1	-12.875000	-48.062500	-165.375000
1	-13.250000	-2048.000000	-164.562500
1	-13.250000	-2048.000000	-164.562500
1	-13.250000	-2048.000000	-164.562500
1	-13.250000	-2048.000000	-164.562500
1	-13.250000	-2048.000000	-164.562500
1	-13.250000	-2048.000000	-164.562500
1	-13.250000	-2048.000000	-164.562500
1	-13.250000	-2048.000000	-164.562500
1	-13.250000	-2048.000000	-164.562500
1	-13.250000	-2048.000000	-164.562500
1	-13.250000	-2048.000000	-164.562500
1	-13.250000	-2048.000000	-164.562500
1	-13.250000	-2048.000000	-164.562500
1	-13.250000	-2048.000000	-164.562500
1	-13.250000	-2048.000000	-164.562500
1	-13.250000	-2048.000000	-164.562500
1	-13.250000	-2048.000000	-164.562500
1	-13.250000	-2048.000000	-164.562500
1	-13.250000	-2048.000000	-164.562500
1	-13.250000	-2048.000000	-164.562500
1	-13.250000	-2048.000000	-164.562500
1	-13.250000	-2048.000000	-164.562500
1	-13.250000	-2048.000000	-164.562500
1	-13.250000	-2048.000000	-164.562500
1	-13.250000	-2048.000000	-164.562500
1	-13.250000	-2048.000000	-164.562500
1	-13.250000	-2048.000000	-164.562500
1	-13.250000	-2048.000000	-164.562500
1	-13.250000	-2048.000000	-164.562500
1	-13.250000	-2048.000000	-164.562500
1	-13.250000	-2048.000000	-164.562500
1	-13.250000	-2048.000000	-164.562500
1	-13.250000	-2048.000000	-164.562500
1	-13.250000	-2048.000000	-164.562500
1	-13.250000	-2048.000000	-164.562500
1	-13.250000	-2048.000000	-164.562500
1	-13.250000	-2048.000000	-164.562500
1	-13.250000	-2048.000000	-164.562500
1	-13.250000	-2048.000000	-164.562500
1	-13.250000	-2048.000000	-164.562500
1	-13.250000	-2048.000000	-164.562500
1	-13.250000	-2048.000000	-164.562500
1	-13.250000	-2048.000000	-164.562500
1	-13.250000	-2048.000000	-164.562500
1	-13.625000	-2048.000000	-165.000000
1	-13.625000	-2048.000000	-165.000000
1	-13.625000	-2048.000000	-165.000000
1	-13.625000	-2048.000000	-165.000000
1	-13.625000	-2048.000000	-165.000000
1	-13.625000	-2048.000000	-165.000000
1	-13.625000	-2048.000000	-165.000000
1	-13.625000	-2048.000000	-165.000000
1	-13.625000	-2048.000000	-165.000000
1	-13.625000	-2048.000000	-165.000000
1	-13.625000	-2048.000000	-165.000000
1	-13.625000	-2048.000000	-165.000000
1	-13.625000	-2048.000000	-165.000000
1	-13.625000	-2048.000000	-165.000000
1	-13.625000	-2048.000000	-165.000000
1	-13.625000	-2048.000000	-165.000000
1	-13.625000	-2048.000000	-165.000000
1	-13.625000	-2048.000000	-165.000000
1	-13.625000	-2048.000000	-165.000000
1	-13.625000	-2048.000000	-165.000000
1	-13.625000	-2048.000000	-165.000000
1	-13.625000	-2048.000000	-165.000000
1	-13.625000	-2048.000000	-165.000000
1	-13.625000	-2048.000000	-165.000000
1	-13.625000	-2048.000000	-165.000000
1	-13.625000	-2048.000000	-165.000000
1	-13.625000	-2048.000000	-165.000000
1	-13.625000	-2048.000000	-165.000000
1	-13.625000	-2048.000000	-165.000000
1	-13.625000	-2048.000000	-165.000000
1	-13.625000	-2048.000000	-165.000000
1	-13.625000	-2048.000000	-165.000000
1	-13.625000	-2048.000000	-165.000000
1	-13.625000	-2048.000000	-165.000000
1	-13.625000	-2048.000000	-165.000000
1	-13.625000	-2048.000000	-165.000000
1	-13.625000	-2048.000000	-165.000000
1	-13.625000	-2048.000000	-165.000000
1	-13.625000	-2048.000000	-165.000000
1	-13.625000	-2048.000000	-165.000000
1	-13.625000	-2048.000000	-165.000000
1	-13.625000	-2048.000000	-165.000000
1	-13.625000	-2048.000000	-165.000000
1	-13.625000	-2048.000000	-165.000000
1	-14.000000	-44.000000	-164.187500
1	-14.000000	-44.000000	-164.187500
1	-14.000000	-44.000000	-164.187500
1	-14.000000	-44.000000	-164.187500
1	-14.000000	-44.000000	-164.187500
1	-14.000000	-44.000000	-164.187500
1	-14.000000	-44.000000	-164.187500
1	-14.000000	-44.000000	-164.187500
1	-14.000000	-44.000000	-164.187500
1	-14.000000	-44.000000	-164.187500
1	-14.000000	-44.000000	-164.187500
1	-14.000000	-44.000000	-164.187500
1	-14.000000	-44.000000	-164.187500
1	-14.000000	-44.000000	-164.187500
1	-14.000000	-44.000000	-164.187500
1	-14.000000	-44.000000	-164.187500
1	-14.000000	-44.000000	-164.187500
1	-14.000000	-44.000000	-164.187500
1	-14.000000	-44.000000	-164.187500
1	-14.000000	-44.000000	-164.187500
1	-14.000000	-44.000000	-164.187500
1	-14.000000	-44.000000	-164.187500
1	-14.000000	-44.000000	-164.187500
1	-14.000000	-44.000000	-164.187500
1	-14.000000	-44.000000	-164.187500
1	-14.000000	-44.000000	-164.187500
1	-14.000000	-44.000000	-164.187500
1	-14.000000	-44.000000	-164.187500
1	-14.000000	-44.000000	-164.187500
1	-14.000000	-44.000000	-164.187500
1	-14.000000	-44.000000	-164.187500
1	-14.000000	-44.000000	-164.187500
1	-14.000000	-44.000000	-164.187500
1	-14.000000	-44.000000	-164.187500
1	-14.000000	-44.000000	-164.187500
1	-14.000000	-44.000000	-164.187500
1	-14.000000	-44.000000	-164.187500
1	-14.000000	-44.000000	-164.187500
1	-14.000000	-44.000000	-164.187500
1	-14.000000	-44.000000	-164.187500
1	-14.000000	-44.000000	-164.187500
1	-14.000000	-44.000000	-164.187500
1	-14.000000	-44.000000	-164.187500
1	-14.000000	-44.000000	-164.187500
1	-12.875000	-46.937500	-163.437500
1	-12.875000	-46.937500	-163.437500
1	-12.875000	-46.937500	-163.437500
1	-12.875000	-46.937500	-163.437500
1	-12.875000	-46.937500	-163.437500
1	-12.875000	-46.937500	-163.437500
1	-12.875000	-46.937500	-163.437500
1	-12.875000	-46.937500	-163.437500
1	-12.875000	-46.937500	-163.437500
1	-12.875000	-46.937500	-163.437500
1	-12.875000	-46.937500	-163.437500
1	-12.875000	-46.937500	-163.437500
1	-12.875000	-46.937500	-163.437500
1	-12.875000	-46.937500	-163.437500
1	-12.875000	-46.937500	-163.437500
1	-12.875000	-46.937500	-163.437500
1	-12.875000	-46.937500	-163.437500
1	-12.875000	-46.937500	-163.437500
1	-12.875000	-46.937500	-163.437500
1	-12.875000	-46.937500	-163.437500
1	-12.875000	-46.937500	-163.437500
1	-12.875000	-46.937500	-163.437500
1	-12.875000	-46.937500	-163.437500
1	-12.875000	-46.937500	-163.437500
1	-12.875000	-46.937500	-163.437500
1	-12.875000	-46.937500	-163.437500
1	-12.875000	-46.937500	-163.437500
1	-12.875000	-46.937500	-163.437500
1	-12.875000	-46.937500	-163.437500
1	-12.875000	-46.937500	-163.437500
1	-12.875000	-46.937500	-163.437500
1	-12.875000	-46.937500	-163.437500
1	-12.875000	-46.937500	-163.437500
1	-12.875000	-46.937500	-163.437500
1	-12.875000	-46.937500	-163.437500
1	-12.875000	-46.937500	-163.437500
1	-12.875000	-46.937500	-163.437500
1	-12.875000	-46.937500	-163.437500
1	-12.875000	-46.937500	-163.437500
1	-12.875000	-46.937500	-163.437500
1	-12.875000	-46.937500	-163.437500
1	-12.875000	-46.937500	-163.437500
1	-12.875000	-46.937500	-163.437500
1	-13.625000	-45.062500	-163.500000
1	-13.625000	-45.062500	-163.500000
1	-13.625000	-45.062500	-163.500000
1	-13.625000	-45.062500	-163.500000
1	-13.625000	-45.062500	-163.500000
1	-13.625000	-45.062500	-163.500000
1	-13.625000	-45.062500	-163.500000
1	-13.625000	-45.062500	-163.500000
1	-13.625000	-45.062500	-163.500000
1	-13.625000	-45.062500	-163.500000
1	-13.625000	-45.062500	-163.500000
1	-13.625000	-45.062500	-163.500000
1	-13.625000	-45.062500	-163.500000
1	-13.625000	-45.062500	-163.500000
1	-13.625000	-45.062500	-163.500000
1	-13.625000	-45.062500	-163.500000
1	-13.625000	-45.062500	-163.500000
1	-13.625000	-45.062500	-163.500000
1	-13.625000	-45.062500	-163.500000
1	-13.625000	-45.062500	-163.500000
1	-13.625000	-45.062500	-163.500000
1	-13.625000	-45.062500	-163.500000
1	-13.625000	-45.062500	-163.500000
1	-13.625000	-45.062500	-163.500000
1	-13.625000	-45.062500	-163.500000
1	-13.625000	-45.062500	-163.500000
1	-13.625000	-45.062500	-163.500000
1	-13.625000	-45.062500	-163.500000
1	-13.625000	-45.062500	-163.500000
1	-13.625000	-45.062500	-163.500000
1	-13.625000	-45.062500	-163.500000
1	-13.625000	-45.062500	-163.500000
1	-13.625000	-45.062500	-163.500000
1	-13.625000	-45.062500	-163.500000
1	-13.625000	-45.062500	-163.500000
1	-13.625000	-45.062500	-163.500000
1	-13.625000	-45.062500	-163.500000
1	-13.625000	-45.062500	-163.500000
1	-13.625000	-45.062500	-163.500000
1	-13.625000	-45.062500	-163.500000
1	-13.625000	-45.062500	-163.500000
1	-13.625000	-45.062500	-163.500000
1	-13.625000	-45.062500	-163.500000
1	-13.625000	-45.062500	-163.500000
1	-12.500000	-46.187500	-165.437500
1	-12.500000	-46.187500	-165.437500
1	-12.500000	-46.187500	-165.437500
1	-12.500000	-46.187500	-165.437500
1	-12.500000	-46.187500	-165.437500
1	-12.500000	-46.187500	-165.437500
1	-12.500000	-46.187500	-165.437500
1	-12.500000	-46.187500	-165.437500
1	-12.500000	-46.187500	-165.437500
1	-12.500000	-46.187500	-165.437500
1	-12.500000	-46.187500	-165.437500
1	-12.500000	-46.187500	-165.437500
1	-12.500000	-46.187500	-165.437500
1	-12.500000	-46.187500	-165.437500
1	-12.500000	-46.187500	-165.437500
1	-12.500000	-46.187500	-165.437500
1	-12.500000	-46.187500	-165.437500
1	-12.500000	-46.187500	-165.437500
1	-12.500000	-46.187500	-165.437500
1	-12.500000	-46.187500	-165.437500
1	-12.500000	-46.187500	-165.437500
1	-12.500000	-46.187500	-165.437500
1	-12.500000	-46.187500	-165.437500
1	-12.500000	-46.187500	-165.437500
1	-12.500000	-46.187500	-165.437500
1	-12.500000	-46.187500	-165.437500
1	-12.500000	-46.187500	-165.437500
1	-12.500000	-46.187500	-165.437500
1	-12.500000	-46.187500	-165.437500
1	-12.500000	-46.187500	-165.437500
1	-12.500000	-46.187500	-165.437500
1	-12.500000	-46.187500	-165.437500
1	-12.500000	-46.187500	-165.437500
1	-12.500000	-46.187500	-165.437500
1	-12.500000	-46.187500	-165.437500
1	-12.500000	-46.187500	-165.437500
1	-12.500000	-46.187500	-165.437500
1	-12.500000	-46.187500	-165.437500
1	-12.500000	-46.187500	-165.437500
1	-12.500000	-46.187500	-165.437500
1	-12.500000	-46.187500	-165.437500
1	-12.500000	-46.187500	-165.437500
1	-12.500000	-46.187500	-165.437500
1	-12.500000	-46.187500	-165.437500
1	-14.000000	-46.937500	-164.687500
1	-14.000000	-46.937500	-164.687500
1	-14.000000	-46.937500	-164.687500
1	-14.000000	-46.937500	-164.687500
1	-14.000000	-46.937500	-164.687500
1	-14.000000	-46.937500	-164.687500
1	-14.000000	-46.937500	-164.687500
1	-14.000000	-46.937500	-164.687500
1	-14.000000	-46.937500	-164.687500
1	-14.000000	-46.937500	-164.687500
1	-14.000000	-46.937500	-164.687500
1	-14.000000	-46.937500	-164.687500
1	-14.000000	-46.937500	-164.687500
1	-14.000000	-46.937500	-164.687500
1	-14.000000	-46.937500	-164.687500
1	-14.000000	-46.937500	-164.687500
1	-14.000000	-46.937500	-164.687500
1	-14.000000	-46.937500	-164.687500
1	-14.000000	-46.937500	-164.687500
1	-14.000000	-46.937500	-164.687500
1	-14.000000	-46.937500	-164.687500
1	-14.000000	-46.937500	-164.687500
1	-14.000000	-46.937500	-164.687500
1	-14.000000	-46.937500	-164.687500
1	-14.000000	-46.937500	-164.687500
1	-14.000000	-46.937500	-164.687500
1	-14.000000	-46.937500	-164.687500
1	-14.000000	-46.937500	-164.687500
1	-14.000000	-46.937500	-164.687500
1	-14.000000	-46.937500	-164.687500
1	-14.000000	-46.937500	-164.687500
1	-14.000000	-46.937500	-164.687500
1	-14.000000	-46.937500	-164.687500
1	-14.000000	-46.937500	-164.687500
1	-14.000000	-46.937500	-164.687500
1	-14.000000	-46.937500	-164.687500
1	-14.000000	-46.937500	-164.687500
1	-14.000000	-46.937500	-164.687500
1	-14.000000	-46.937500	-164.687500
1	-14.000000	-46.937500	-164.687500
1	-14.000000	-46.937500	-164.687500
1	-14.000000	-46.937500	-164.687500
1	-14.000000	-46.937500	-164.687500
1	-14.000000	-46.937500	-164.687500
1	-13.250000	-46.562500	-165.062500
1	-13.250000	-46.562500	-165.062500
1	-13.250000	-46.562500	-165.062500
1	-13.250000	-46.562500	-165.062500
1	-13.250000	-46.562500	-165.062500
1	-13.250000	-46.562500	-165.062500
1	-13.250000	-46.562500	-165.062500
1	-13.250000	-46.562500	-165.062500
1	-13.250000	-46.562500	-165.062500
1	-13.250000	-46.562500	-165.062500
1	-13.250000	-46.562500	-165.062500
1	-13.250000	-46.562500	-165.062500
1	-13.250000	-46.562500	-165.062500
1	-13.250000	-46.562500	-165.062500
1	-13.250000	-46.562500	-165.062500
1	-13.250000	-46.562500	-165.062500
1	-13.250000	-46.562500	-165.062500
1	-13.250000	-46.562500	-165.062500
1	-13.250000	-46.562500	-165.062500
1	-13.250000	-46.562500	-165.062500
1	-13.250000	-46.562500	-165.062500
1	-13.250000	-46.562500	-165.062500
1	-13.250000	-46.562500	-165.062500
1	-13.250000	-46.562500	-165.062500
1	-13.250000	-46.562500	-165.062500
1	-13.250000	-46.562500	-165.062500
1	-13.250000	-46.562500	-165.062500
1	-13.250000	-46.562500	-165.062500
1	-13.250000	-46.562500	-165.062500
1	-13.250000	-46.562500	-165.062500
1	-13.250000	-46.562500	-165.062500
1	-13.250000	-46.562500	-165.062500
1	-13.250000	-46.562500	-165.062500
1	-13.250000	-46.562500	-165.062500
1	-13.250000	-46.562500	-165.062500
1	-13.250000	-46.562500	-165.062500
1	-13.250000	-46.562500	-165.062500
1	-13.250000	-46.562500	-165.062500
1	-13.250000	-46.562500	-165.062500
1	-13.250000	-46.562500	-165.062500
1	-13.250000	-46.562500	-165.062500
1	-13.250000	-46.562500	-165.062500
1	-13.250000	-46.562500	-165.062500
1	-13.250000	-46.562500	-165.062500
1	-10.687500	-48.750000	-164.187500
1	-10.687500	-48.750000	-164.187500
1	-10.687500	-48.750000	-164.187500
1	-10.687500	-48.750000	-164.187500
1	-10.687500	-48.750000	-164.187500
1	-10.687500	-48.750000	-164.187500
1	-10.687500	-48.750000	-164.187500
1	-10.687500	-48.750000	-164.187500
1	-10.687500	-48.750000	-164.187500
1	-10.687500	-48.750000	-164.187500
1	-10.687500	-48.750000	-164.187500
1	-10.687500	-48.750000	-164.187500
1	-10.687500	-48.750000	-164.187500
1	-10.687500	-48.750000	-164.187500
1	-10.687500	-48.750000	-164.187500
1	-10.687500	-48.750000	-164.187500
1	-10.687500	-48.750000	-164.187500
1	-10.687500	-48.750000	-164.187500
1	-10.687500	-48.750000	-164.187500
1	-10.687500	-48.750000	-164.187500
1	-10.687500	-48.750000	-164.187500
1	-10.687500	-48.750000	-164.187500
1	-10.687500	-48.750000	-164.187500
1	-10.687500	-48.750000	-164.187500
1	-10.687500	-48.750000	-164.187500
1	-10.687500	-48.750000	-164.187500
1	-10.687500	-48.750000	-164.187500
1	-10.687500	-48.750000	-164.187500
1	-10.687500	-48.750000	-164.187500
1	-10.687500	-48.750000	-164.187500
1	-10.687500	-48.750000	-164.187500
1	-10.687500	-48.750000	-164.187500
1	-10.687500	-48.750000	-164.187500
1	-10.687500	-48.750000	-164.187500
1	-10.687500	-48.750000	-164.187500
1	-10.687500	-48.750000	-164.187500
1	-10.687500	-48.750000	-164.187500
1	-10.687500	-48.750000	-164.187500
1	-10.687500	-48.750000	-164.187500
1	-10.687500	-48.750000	-164.187500
1	-10.687500	-48.750000	-164.187500
1	-10.687500	-48.750000	-164.187500
1	-10.687500	-48.750000	-164.187500
1	-10.687500	-48.750000	-164.187500
1	-12.500000	-48.062500	-164.625000
1	-12.500000	-48.062500	-164.625000
1	-12.500000	-48.062500	-164.625000
1	-12.500000	-48.062500	-164.625000
1	-12.500000	-48.062500	-164.625000
1	-12.500000	-48.062500	-164.625000
1	-12.500000	-48.062500	-164.625000
1	-12.500000	-48.062500	-164.625000
1	-12.500000	-48.062500	-164.625000
1	-12.500000	-48.062500	-164.625000
1	-12.500000	-48.062500	-164.625000
1	-12.500000	-48.062500	-164.625000
1	-12.500000	-48.062500	-164.625000
1	-12.500000	-48.062500	-164.625000
1	-12.500000	-48.062500	-164.625000
1	-12.500000	-48.062500	-164.625000
1	-12.500000	-48.062500	-164.625000
1	-12.500000	-48.062500	-164.625000
1	-12.500000	-48.062500	-164.625000
1	-12.500000	-48.062500	-164.625000
1	-12.500000	-48.062500	-164.625000
1	-12.500000	-48.062500	-164.625000
1	-12.500000	-48.062500	-164.625000
1	-12.500000	-48.062500	-164.625000
1	-12.500000	-48.062500	-164.625000
1	-12.500000	-48.062500	-164.625000
1	-12.500000	-48.062500	-164.625000
1	-12.500000	-48.062500	-164.625000
1	-12.500000	-48.062500	-164.625000
1	-12.500000	-48.062500	-164.625000
1	-12.500000	-48.062500	-164.625000
1	-12.500000	-48.062500	-164.625000
1	-12.500000	-48.062500	-164.625000
1	-12.500000	-48.062500	-164.625000
1	-12.500000	-48.062500	-164.625000
1	-12.500000	-48.062500	-164.625000
1	-12.500000	-48.062500	-164.625000
1	-12.500000	-48.062500	-164.625000
1	-12.500000	-48.062500	-164.625000
1	-12.500000	-48.062500	-164.625000
1	-12.500000	-48.062500	-164.625000
1	-12.500000	-48.062500	-164.625000
1	-12.500000	-48.062500	-164.625000
1	-12.500000	-48.062500	-164.625000
1	-13.250000	-2048.000000	-163.812500
1	-13.250000	-2048.000000	-163.812500
1	-13.250000	-2048.000000	-163.812500
1	-13.250000	-2048.000000	-163.812500
1	-13.250000	-2048.000000	-163.812500
1	-13.250000	-2048.000000	-163.812500
1	-13.250000	-2048.000000	-163.812500
1	-13.250000	-2048.000000	-163.812500
1	-13.250000	-2048.000000	-163.812500
1	-13.250000	-2048.000000	-163.812500
1	-13.250000	-2048.000000	-163.812500
1	-13.250000	-2048.000000	-163.812500
1	-13.250000	-2048.000000	-163.812500
1	-13.250000	-2048.000000	-163.812500
1	-13.250000	-2048.000000	-163.812500
1	-13.250000	-2048.000000	-163.812500
1	-13.250000	-2048.000000	-163.812500
1	-13.250000	-2048.000000	-163.812500
1	-13.250000	-2048.000000	-163.812500
1	-13.250000	-2048.000000	-163.812500
1	-13.250000	-2048.000000	-163.812500
1	-13.250000	-2048.000000	-163.812500
1	-13.250000	-2048.000000	-163.812500
1	-13.250000	-2048.000000	-163.812500
1	-13.250000	-2048.000000	-163.812500
1	-13.250000	-2048.000000	-163.812500
1	-13.250000	-2048.000000	-163.812500
1	-13.250000	-2048.000000	-163.812500
1	-13.250000	-2048.000000	-163.812500
1	-13.250000	-2048.000000	-163.812500
1	-13.250000	-2048.000000	-163.812500
1	-13.250000	-2048.000000	-163.812500
1	-13.250000	-2048.000000	-163.812500
1	-13.250000	-2048.000000	-163.812500
1	-13.250000	-2048.000000	-163.812500
1	-13.250000	-2048.000000	-163.812500
1	-13.250000	-2048.000000	-163.812500
1	-13.250000	-2048.000000	-163.812500
1	-13.250000	-2048.000000	-163.812500
1	-13.250000	-2048.000000	-163.812500
1	-13.250000	-2048.000000	-163.812500
1	-13.250000	-2048.000000	-163.812500
1	-13.250000	-2048.000000	-163.812500
1	-13.250000	-2048.000000	-163.812500
1	-12.125000	-47.312500	-164.250000
1	-12.125000	-47.312500	-164.250000
1	-12.125000	-47.312500	-164.250000
1	-12.125000	-47.312500	-164.250000
1	-12.125000	-47.312500	-164.250000
1	-12.125000	-47.312500	-164.250000
1	-12.125000	-47.312500	-164.250000
1	-12.125000	-47.312500	-164.250000
1	-12.125000	-47.312500	-164.250000
1	-12.125000	-47.312500	-164.250000
1	-12.125000	-47.312500	-164.250000
1	-12.125000	-47.312500	-164.250000
1	-12.125000	-47.312500	-164.250000
1	-12.125000	-47.312500	-164.250000
1	-12.125000	-47.312500	-164.250000
1	-12.125000	-47.312500	-164.250000
1	-12.125000	-47.312500	-164.250000
1	-12.125000	-47.312500	-164.250000
1	-12.125000	-47.312500	-164.250000
1	-12.125000	-47.312500	-164.250000
1	-12.125000	-47.312500	-164.250000
1	-12.125000	-47.312500	-164.250000
1	-12.125000	-47.312500	-164.250000
1	-12.125000	-47.312500	-164.250000
1	-12.125000	-47.312500	-164.250000
1	-12.125000	-47.312500	-164.250000
1	-12.125000	-47.312500	-164.250000
1	-12.125000	-47.312500	-164.250000
1	-12.125000	-47.312500	-164.250000
1	-12.125000	-47.312500	-164.250000
1	-12.125000	-47.312500	-164.250000
1	-12.125000	-47.312500	-164.250000
1	-12.125000	-47.312500	-164.250000
1	-12.125000	-47.312500	-164.250000
1	-12.125000	-47.312500	-164.250000
1	-12.125000	-47.312500	-164.250000
1	-12.125000	-47.312500	-164.250000
1	-12.125000	-47.312500	-164.250000
1	-12.125000	-47.312500	-164.250000
1	-12.125000	-47.312500	-164.250000
1	-12.125000	-47.312500	-164.250000
1	-12.125000	-47.312500	-164.250000
1	-12.125000	-47.312500	-164.250000
1	-12.125000	-47.312500	-164.250000
1	-14.000000	-45.062500	-164.625000
1	-14.000000	-45.062500	-164.625000
1	-14.000000	-45.062500	-164.625000
1	-14.000000	-45.062500	-164.625000
1	-14.000000	-45.062500	-164.625000
1	-14.000000	-45.062500	-164.625000
1	-14.000000	-45.062500	-164.625000
1	-14.000000	-45.062500	-164.625000
1	-14.000000	-45.062500	-164.625000
1	-14.000000	-45.062500	-164.625000
1	-14.000000	-45.062500	-164.625000
1	-14.000000	-45.062500	-164.625000
1	-14.000000	-45.062500	-164.625000
1	-14.000000	-45.062500	-164.625000
1	-14.000000	-45.062500	-164.625000
1	-14.000000	-45.062500	-164.625000
1	-14.000000	-45.062500	-164.625000
1	-14.000000	-45.062500	-164.625000
1	-14.000000	-45.062500	-164.625000
1	-14.000000	-45.062500	-164.625000
1	-14.000000	-45.062500	-164.625000
1	-14.000000	-45.062500	-164.625000
1	-14.000000	-45.062500	-164.625000
1	-14.000000	-45.062500	-164.625000
1	-14.000000	-45.062500	-164.625000
1	-14.000000	-45.062500	-164.625000
1	-14.000000	-45.062500	-164.625000
1	-14.000000	-45.062500	-164.625000
1	-14.000000	-45.062500	-164.625000
1	-14.000000	-45.062500	-164.625000
1	-14.000000	-45.062500	-164.625000
1	-14.000000	-45.062500	-164.625000
1	-14.000000	-45.062500	-164.625000
1	-14.000000	-45.062500	-164.625000
1	-14.000000	-45.062500	-164.625000
1	-14.000000	-45.062500	-164.625000
1	-14.000000	-45.062500	-164.625000
1	-14.000000	-45.062500	-164.625000
1	-14.000000	-45.062500	-164.625000
1	-14.000000	-45.062500	-164.625000
1	-14.000000	-45.062500	-164.625000
1	-14.000000	-45.062500	-164.625000
1	-12.125000	-48.437500	-165.125000
1	-12.125000	-48.437500	-165.125000
1	-12.125000	-48.437500	-165.125000
1	-12.125000	-48.437500	-165.125000
1	-12.125000	-48.437500	-165.125000
1	-12.125000	-48.437500	-165.125000
1	-12.125000	-48.437500	-165.125000
1	-12.125000	-48.437500	-165.125000
1	-12.125000	-48.437500	-165.125000
1	-12.125000	-48.437500	-165.125000
1	-12.125000	-48.437500	-165.125000
1	-12.125000	-48.437500	-165.125000
1	-12.125000	-48.437500	-165.125000
1	-12.125000	-48.437500	-165.125000
1	-12.125000	-48.437500	-165.125000
1	-12.125000	-48.437500	-165.125000
1	-12.125000	-48.437500	-165.125000
1	-12.125000	-48.437500	-165.125000
1	-12.125000	-48.437500	-165.125000
1	-12.125000	-48.437500	-165.125000
1	-12.125000	-48.437500	-165.125000
1	-12.125000	-48.437500	-165.125000
1	-12.125000	-48.437500	-165.125000
1	-12.125000	-48.437500	-165.125000
1	-12.125000	-48.437500	-165.125000
1	-12.125000	-48.437500	-165.125000
1	-12.125000	-48.437500	-165.125000
1	-12.125000	-48.437500	-165.125000
1	-12.125000	-48.437500	-165.125000
1	-12.125000	-48.437500	-165.125000
1	-12.125000	-48.437500	-165.125000
1	-12.125000	-48.437500	-165.125000
1	-12.125000	-48.437500	-165.125000
1	-12.125000	-48.437500	-165.125000
1	-12.125000	-48.437500	-165.125000
1	-12.125000	-48.437500	-165.125000
1	-12.125000	-48.437500	-165.125000
1	-12.125000	-48.437500	-165.125000
1	-12.125000	-48.437500	-165.125000
1	-12.125000	-48.437500	-165.125000
1	-12.125000	-48.437500	-165.125000
1	-12.125000	-48.437500	-165.125000
1	-12.125000	-48.437500	-165.125000
1	-12.125000	-48.437500	-165.125000
1	-12.125000	-45.437500	-164.687500
1	-12.125000	-45.437500	-164.687500
1	-12.125000	-45.437500	-164.687500
1	-12.125000	-45.437500	-164.687500
1	-12.125000	-45.437500	-164.687500
1	-12.125000	-45.437500	-164.687500
1	-12.125000	-45.437500	-164.687500
1	-12.125000	-45.437500	-164.687500
1	-12.125000	-45.437500	-164.687500
1	-12.125000	-45.437500	-164.687500
1	-12.125000	-45.437500	-164.687500
1	-12.125000	-45.437500	-164.687500
1	-12.125000	-45.437500	-164.687500
1	-12.125000	-45.437500	-164.687500
1	-12.125000	-45.437500	-164.687500
1	-12.125000	-45.437500	-164.687500
1	-12.125000	-45.437500	-164.687500
1	-12.125000	-45.437500	-164.687500
1	-12.125000	-45.437500	-164.687500
1	-12.125000	-45.437500	-164.687500
1	-12.125000	-45.437500	-164.687500
1	-12.125000	-45.437500	-164.687500
1	-12.125000	-45.437500	-164.687500
1	-12.125000	-45.437500	-164.687500
1	-12.125000	-45.437500	-164.687500
1	-12.125000	-45.437500	-164.687500
1	-12.125000	-45.437500	-164.687500
1	-12.125000	-45.437500	-164.687500
1	-12.125000	-45.437500	-164.687500
1	-12.125000	-45.437500	-164.687500
1	-12.125000	-45.437500	-164.687500
1	-12.125000	-45.437500	-164.687500
1	-12.125000	-45.437500	-164.687500
1	-12.125000	-45.437500	-164.687500
1	-12.125000	-45.437500	-164.687500
1	-12.125000	-45.437500	-164.687500
1	-12.125000	-45.437500	-164.687500
1	-12.125000	-45.437500	-164.687500
1	-12.125000	-45.437500	-164.687500
1	-12.125000	-45.437500	-164.687500
1	-12.125000	-45.437500	-164.687500
1	-12.125000	-45.437500	-164.687500
1	-12.125000	-45.437500	-164.687500
1	-12.125000	-45.437500	-164.687500
1	-12.875000	-46.937500	-164.312500
1	-12.875000	-46.937500	-164.312500
1	-12.875000	-46.937500	-164.312500
1	-12.875000	-46.937500	-164.312500
1	-12.875000	-46.937500	-164.312500
1	-12.875000	-46.937500	-164.312500
1	-12.875000	-46.937500	-164.312500
1	-12.875000	-46.937500	-164.312500
1	-12.875000	-46.937500	-164.312500
1	-12.875000	-46.937500	-164.312500
1	-12.875000	-46.937500	-164.312500
1	-12.875000	-46.937500	-164.312500
1	-12.875000	-46.937500	-164.312500
1	-12.875000	-46.937500	-164.312500
1	-12.875000	-46.937500	-164.312500
1	-12.875000	-46.937500	-164.312500
1	-12.875000	-46.937500	-164.312500
1	-12.875000	-46.937500	-164.312500
1	-12.875000	-46.937500	-164.312500
1	-12.875000	-46.937500	-164.312500
1	-12.875000	-46.937500	-164.312500
1	-12.875000	-46.937500	-164.312500
1	-12.875000	-46.937500	-164.312500
1	-12.875000	-46.937500	-164.312500
1	-12.875000	-46.937500	-164.312500
1	-12.875000	-46.937500	-164.312500
1	-12.875000	-46.937500	-164.312500
1	-12.875000	-46.937500	-164.312500
1	-12.875000	-46.937500	-164.312500
1	-12.875000	-46.937500	-164.312500
1	-12.875000	-46.937500	-164.312500
1	-12.875000	-46.937500	-164.312500
1	-12.875000	-46.937500	-164.312500
1	-12.875000	-46.937500	-164.312500
1	-12.875000	-46.937500	-164.312500
1	-12.875000	-46.937500	-164.312500
1	-12.875000	-46.937500	-164.312500
1	-12.875000	-46.937500	-164.312500
1	-12.875000	-46.937500	-164.312500
1	-12.875000	-46.937500	-164.312500
1	-12.875000	-46.937500	-164.312500
1	-12.875000	-46.937500	-164.312500
1	-12.875000	-46.937500	-164.312500
1	-12.875000	-46.937500	-164.312500
1	-13.250000	-47.312500	-163.500000
1	-13.250000	-47.312500	-163.500000
1	-13.250000	-47.312500	-163.500000
1	-13.250000	-47.312500	-163.500000
1	-13.250000	-47.312500	-163.500000
1	-13.250000	-47.312500	-163.500000
1	-13.250000	-47.312500	-163.500000
1	-13.250000	-47.312500	-163.500000
1	-13.250000	-47.312500	-163.500000
1	-13.250000	-47.312500	-163.500000
1	-13.250000	-47.312500	-163.500000
1	-13.250000	-47.312500	-163.500000
1	-13.250000	-47.312500	-163.500000
1	-13.250000	-47.312500	-163.500000
1	-13.250000	-47.312500	-163.500000
1	-13.250000	-47.312500	-163.500000
1	-13.250000	-47.312500	-163.500000
1	-13.250000	-47.312500	-163.500000
1	-13.250000	-47.312500	-163.500000
1	-13.250000	-47.312500	-163.500000
1	-13.250000	-47.312500	-163.500000
1	-13.250000	-47.312500	-163.500000
1	-13.250000	-47.312500	-163.500000
1	-13.250000	-47.312500	-163.500000
1	-13.250000	-47.312500	-163.500000
1	-13.250000	-47.312500	-163.500000
1	-13.250000	-47.312500	-163.500000
1	-13.250000	-47.312500	-163.500000
1	-13.250000	-47.312500	-163.500000
1	-13.250000	-47.312500	-163.500000
1	-13.250000	-47.312500	-163.500000
1	-13.250000	-47.312500	-163.500000
1	-13.250000	-47.312500	-163.500000
1	-13.250000	-47.312500	-163.500000
1	-13.250000	-47.312500	-163.500000
1	-13.250000	-47.312500	-163.500000
1	-13.250000	-47.312500	-163.500000
1	-13.250000	-47.312500	-163.500000
1	-13.250000	-47.312500	-163.500000
1	-13.250000	-47.312500	-163.500000
1	-13.250000	-47.312500	-163.500000
1	-13.250000	-47.312500	-163.500000
1	-13.250000	-47.312500	-163.500000
1	-13.250000	-47.312500	-163.500000
1	-12.125000	-45.812500	-164.312500
1	-12.125000	-45.812500	-164.312500
1	-12.125000	-45.812500	-164.312500
1	-12.125000	-45.812500	-164.312500
1	-12.125000	-45.812500	-164.312500
1	-12.125000	-45.812500	-164.312500
1	-12.125000	-45.812500	-164.312500
1	-12.125000	-45.812500	-164.312500
1	-12.125000	-45.812500	-164.312500
1	-12.125000	-45.812500	-164.312500
1	-12.125000	-45.812500	-164.312500
1	-12.125000	-45.812500	-164.312500
1	-12.125000	-45.812500	-164.312500
1	-12.125000	-45.812500	-164.312500
1	-12.125000	-45.812500	-164.312500
1	-12.125000	-45.812500	-164.312500
1	-12.125000	-45.812500	-164.312500
1	-12.125000	-45.812500	-164.312500
1	-12.125000	-45.812500	-164.312500
1	-12.125000	-45.812500	-164.312500
1	-12.125000	-45.812500	-164.312500
1	-12.125000	-45.812500	-164.312500
1	-12.125000	-45.812500	-164.312500
1	-12.125000	-45.812500	-164.312500
1	-12.125000	-45.812500	-164.312500
1	-12.125000	-45.812500	-164.312500
1	-12.125000	-45.812500	-164.312500
1	-12.125000	-45.812500	-164.312500
1	-12.125000	-45.812500	-164.312500
1	-12.125000	-45.812500	-164.312500
1	-12.125000	-45.812500	-164.312500
1	-12.125000	-45.812500	-164.312500
1	-12.125000	-45.812500	-164.312500
1	-12.125000	-45.812500	-164.312500
1	-12.125000	-45.812500	-164.312500
1	-12.125000	-45.812500	-164.312500
1	-12.125000	-45.812500	-164.312500
1	-12.125000	-45.812500	-164.312500
1	-12.125000	-45.812500	-164.312500
1	-12.125000	-45.812500	-164.312500
1	-12.125000	-45.812500	-164.312500
1	-12.125000	-45.812500	-164.312500
1	-12.125000	-45.812500	-164.312500
1	-12.125000	-45.812500	-164.312500
1	-13.625000	-46.937500	-164.312500
1	-13.625000	-46.937500	-164.312500
1	-13.625000	-46.937500	-164.312500
1	-13.625000	-46.937500	-164.312500
1	-13.625000	-46.937500	-164.312500
1	-13.625000	-46.937500	-164.312500
1	-13.625000	-46.937500	-164.312500
1	-13.625000	-46.937500	-164.312500
1	-13.625000	-46.937500	-164.312500
1	-13.625000	-46.937500	-164.312500
1	-13.625000	-46.937500	-164.312500
1	-13.625000	-46.937500	-164.312500
1	-13.625000	-46.937500	-164.312500
1	-13.625000	-46.937500	-164.312500
1	-13.625000	-46.937500	-164.312500
1	-13.625000	-46.937500	-164.312500
1	-13.625000	-46.937500	-164.312500
1	-13.625000	-46.937500	-164.312500
1	-13.625000	-46.937500	-164.312500
1	-13.625000	-46.937500	-164.312500
1	-13.625000	-46.937500	-164.312500
1	-13.625000	-46.937500	-164.312500
1	-13.625000	-46.937500	-164.312500
1	-13.625000	-46.937500	-164.312500
1	-13.625000	-46.937500	-164.312500
1	-13.625000	-46.937500	-164.312500
1	-13.625000	-46.937500	-164.312500
1	-13.625000	-46.937500	-164.312500
1	-13.625000	-46.937500	-164.312500
1	-13.625000	-46.937500	-164.312500
1	-13.625000	-46.937500	-164.312500
1	-13.625000	-46.937500	-164.312500
1	-13.625000	-46.937500	-164.312500
1	-13.625000	-46.937500	-164.312500
1	-13.625000	-46.937500	-164.312500
1	-13.625000	-46.937500	-164.312500
1	-13.625000	-46.937500	-164.312500
1	-13.625000	-46.937500	-164.312500
1	-13.625000	-46.937500	-164.312500
1	-13.625000	-46.937500	-164.312500
1	-13.625000	-46.937500	-164.312500
1	-13.625000	-46.937500	-164.312500
1	-13.625000	-46.937500	-164.312500
1	-13.625000	-46.937500	-164.312500
1	-14.000000	-45.812500	-164.312500
1	-14.000000	-45.812500	-164.312500
1	-14.000000	-45.812500	-164.312500
1	-14.000000	-45.812500	-164.312500
1	-14.000000	-45.812500	-164.312500
1	-14.000000	-45.812500	-164.312500
1	-14.000000	-45.812500	-164.312500
1	-14.000000	-45.812500	-164.312500
1	-14.000000	-45.812500	-164.312500
1	-14.000000	-45.812500	-164.312500
1	-14.000000	-45.812500	-164.312500
1	-14.000000	-45.812500	-164.312500
1	-14.000000	-45.812500	-164.312500
1	-14.000000	-45.812500	-164.312500
1	-14.000000	-45.812500	-164.312500
1	-14.000000	-45.812500	-164.312500
1	-14.000000	-45.812500	-164.312500
1	-14.000000	-45.812500	-164.312500
1	-14.000000	-45.812500	-164.312500
1	-14.000000	-45.812500	-164.312500
1	-14.000000	-45.812500	-164.312500
1	-14.000000	-45.812500	-164.312500
1	-14.000000	-45.812500	-164.312500
1	-14.000000	-45.812500	-164.312500
1	-14.000000	-45.812500	-164.312500
1	-14.000000	-45.812500	-164.312500
1	-14.000000	-45.812500	-164.312500
1	-14.000000	-45.812500	-164.312500
1	-14.000000	-45.812500	-164.312500
1	-14.000000	-45.812500	-164.312500
1	-14.000000	-45.812500	-164.312500
1	-14.000000	-45.812500	-164.312500
1	-14.000000	-45.812500	-164.312500
1	-14.000000	-45.812500	-164.312500
1	-14.000000	-45.812500	-164.312500
1	-14.000000	-45.812500	-164.312500
1	-14.000000	-45.812500	-164.312500
1	-14.000000	-45.812500	-164.312500
1	-14.000000	-45.812500	-164.312500
1	-14.000000	-45.812500	-164.312500
1	-14.000000	-45.812500	-164.312500
1	-14.000000	-45.812500	-164.312500
1	-14.000000	-45.812500	-164.312500
1	-14.750000	-45.812500	-164.750000
1	-14.750000	-45.812500	-164.750000
1	-14.750000	-45.812500	-164.750000
1	-14.750000	-45.812500	-164.750000
1	-14.750000	-45.812500	-164.750000
1	-14.750000	-45.812500	-164.750000
1	-14.750000	-45.812500	-164.750000
1	-14.750000	-45.812500	-164.750000
1	-14.750000	-45.812500	-164.750000
1	-14.750000	-45.812500	-164.750000
1	-14.750000	-45.812500	-164.750000
1	-14.750000	-45.812500	-164.750000
1	-14.750000	-45.812500	-164.750000
1	-14.750000	-45.812500	-164.750000
1	-14.750000	-45.812500	-164.750000
1	-14.750000	-45.812500	-164.750000
1	-14.750000	-45.812500	-164.750000
1	-14.750000	-45.812500	-164.750000
1	-14.750000	-45.812500	-164.750000
1	-14.750000	-45.812500	-164.750000
1	-14.750000	-45.812500	-164.750000
1	-14.750000	-45.812500	-164.750000
1	-14.750000	-45.812500	-164.750000
1	-14.750000	-45.812500	-164.750000
1	-14.750000	-45.812500	-164.750000
1	-14.750000	-45.812500	-164.750000
1	-14.750000	-45.812500	-164.750000
1	-14.750000	-45.812500	-164.750000
1	-14.750000	-45.812500	-164.750000
1	-14.750000	-45.812500	-164.750000
1	-14.750000	-45.812500	-164.750000
1	-14.750000	-45.812500	-164.750000
1	-14.750000	-45.812500	-164.750000
1	-14.750000	-45.812500	-164.750000
1	-14.750000	-45.812500	-164.750000
1	-14.750000	-45.812500	-164.750000
1	-14.750000	-45.812500	-164.750000
1	-14.750000	-45.812500	-164.750000
1	-14.750000	-45.812500	-164.750000
1	-14.750000	-45.812500	-164.750000
1	-14.750000	-45.812500	-164.750000
1	-14.750000	-45.812500	-164.750000
1	-14.750000	-45.812500	-164.750000
1	-14.750000	-45.812500	-164.750000
1	-14.375000	-2048.000000	-163.562500
1	-14.375000	-2048.000000	-163.562500
1	-14.375000	-2048.000000	-163.562500
1	-14.375000	-2048.000000	-163.562500
1	-14.375000	-2048.000000	-163.562500
1	-14.375000	-2048.000000	-163.562500
1	-14.375000	-2048.000000	-163.562500
1	-14.375000	-2048.000000	-163.562500
1	-14.375000	-2048.000000	-163.562500
1	-14.375000	-2048.000000	-163.562500
1	-14.375000	-2048.000000	-163.562500
1	-14.375000	-2048.000000	-163.562500
1	-14.375000	-2048.000000	-163.562500
1	-14.375000	-2048.000000	-163.562500
1	-14.375000	-2048.000000	-163.562500
1	-14.375000	-2048.000000	-163.562500
1	-14.375000	-2048.000000	-163.562500
1	-14.375000	-2048.000000	-163.562500
1	-14.375000	-2048.000000	-163.562500
1	-14.375000	-2048.000000	-163.562500
1	-14.375000	-2048.000000	-163.562500
1	-14.375000	-2048.000000	-163.562500
1	-14.375000	-2048.000000	-163.562500
1	-14.375000	-2048.000000	-163.562500
1	-14.375000	-2048.000000	-163.562500
1	-14.375000	-2048.000000	-163.562500
1	-14.375000	-2048.000000	-163.562500
1	-14.375000	-2048.000000	-163.562500
1	-14.375000	-2048.000000	-163.562500
1	-14.375000	-2048.000000	-163.562500
1	-14.375000	-2048.000000	-163.562500
1	-14.375000	-2048.000000	-163.562500
1	-14.375000	-2048.000000	-163.562500
1	-14.375000	-2048.000000	-163.562500
1	-14.375000	-2048.000000	-163.562500
1	-14.375000	-2048.000000	-163.562500
1	-14.375000	-2048.000000	-163.562500
1	-14.375000	-2048.000000	-163.562500
1	-14.375000	-2048.000000	-163.562500
1	-14.375000	-2048.000000	-163.562500
1	-14.375000	-2048.000000	-163.562500
1	-14.375000	-2048.000000	-163.562500
1	-14.375000	-2048.000000	-163.562500
1	-12.500000	-45.812500	-163.500000
1	-12.500000	-45.812500	-163.500000
1	-12.500000	-45.812500	-163.500000
1	-12.500000	-45.812500	-163.500000
1	-12.500000	-45.812500	-163.500000
1	-12.500000	-45.812500	-163.500000
1	-12.500000	-45.812500	-163.500000
1	-12.500000	-45.812500	-163.500000
1	-12.500000	-45.812500	-163.500000
1	-12.500000	-45.812500	-163.500000
1	-12.500000	-45.812500	-163.500000
1	-12.500000	-45.812500	-163.500000
1	-12.500000	-45.812500	-163.500000
1	-12.500000	-45.812500	-163.500000
1	-12.500000	-45.812500	-163.500000
1	-12.500000	-45.812500	-163.500000
1	-12.500000	-45.812500	-163.500000
1	-12.500000	-45.812500	-163.500000
1	-12.500000	-45.812500	-163.500000
1	-12.500000	-45.812500	-163.500000
1	-12.500000	-45.812500	-163.500000
1	-12.500000	-45.812500	-163.500000
1	-12.500000	-45.812500	-163.500000
1	-12.500000	-45.812500	-163.500000
1	-12.500000	-45.812500	-163.500000
