1	-645.187500	-2048.000000	-618.312500
1	-645.187500	-2048.000000	-618.312500
1	-645.187500	-2048.000000	-618.312500
1	-645.187500	-2048.000000	-618.312500
1	-645.187500	-2048.000000	-618.312500
1	-645.187500	-2048.000000	-618.312500
1	-645.187500	-2048.000000	-618.312500
1	-638.125000	-2048.000000	-615.000000
1	-638.125000	-2048.000000	-615.000000
1	-638.125000	-2048.000000	-615.000000
1	-638.125000	-2048.000000	-615.000000
1	-638.125000	-2048.000000	-615.000000
1	-638.125000	-2048.000000	-615.000000
1	-638.125000	-2048.000000	-615.000000
1	-638.125000	-2048.000000	-615.000000
1	-638.125000	-2048.000000	-615.000000
1	-638.125000	-2048.000000	-615.000000
1	-638.125000	-2048.000000	-615.000000
1	-638.125000	-2048.000000	-615.000000
1	-638.125000	-2048.000000	-615.000000
1	-638.125000	-2048.000000	-615.000000
1	-638.125000	-2048.000000	-615.000000
1	-638.125000	-2048.000000	-615.000000
1	-638.125000	-2048.000000	-615.000000
1	-638.125000	-2048.000000	-615.000000
1	-638.125000	-2048.000000	-615.000000
1	-638.125000	-2048.000000	-615.000000
1	-638.125000	-2048.000000	-615.000000
1	-638.125000	-2048.000000	-615.000000
1	-638.125000	-2048.000000	-615.000000
1	-638.125000	-2048.000000	-615.000000
1	-638.125000	-2048.000000	-615.000000
1	-638.125000	-2048.000000	-615.000000
1	-638.125000	-2048.000000	-615.000000
1	-638.125000	-2048.000000	-615.000000
1	-638.125000	-2048.000000	-615.000000
1	-638.125000	-2048.000000	-615.000000
1	-630.812500	-2048.000000	-609.250000
1	-630.812500	-2048.000000	-609.250000
1	-630.812500	-2048.000000	-609.250000
1	-630.812500	-2048.000000	-609.250000
1	-630.812500	-2048.000000	-609.250000
1	-630.812500	-2048.000000	-609.250000
1	-630.812500	-2048.000000	-609.250000
1	-630.812500	-2048.000000	-609.250000
1	-630.812500	-2048.000000	-609.250000
1	-630.812500	-2048.000000	-609.250000
1	-630.812500	-2048.000000	-609.250000
1	-630.812500	-2048.000000	-609.250000
1	-630.812500	-2048.000000	-609.250000
1	-630.812500	-2048.000000	-609.250000
1	-630.812500	-2048.000000	-609.250000
1	-630.812500	-2048.000000	-609.250000
1	-630.812500	-2048.000000	-609.250000
1	-630.812500	-2048.000000	-609.250000
1	-630.812500	-2048.000000	-609.250000
1	-630.812500	-2048.000000	-609.250000
1	-630.812500	-2048.000000	-609.250000
1	-630.812500	-2048.000000	-609.250000
1	-630.812500	-2048.000000	-609.250000
1	-630.812500	-2048.000000	-609.250000
1	-630.812500	-2048.000000	-609.250000
1	-630.812500	-2048.000000	-609.250000
1	-630.812500	-2048.000000	-609.250000
1	-630.812500	-2048.000000	-609.250000
1	-630.812500	-2048.000000	-609.250000
1	-630.812500	-2048.000000	-609.250000
1	-630.812500	-2048.000000	-609.250000
1	-632.625000	-2048.000000	-607.312500
1	-632.625000	-2048.000000	-607.312500
1	-632.625000	-2048.000000	-607.312500
1	-632.625000	-2048.000000	-607.312500
1	-632.625000	-2048.000000	-607.312500
1	-632.625000	-2048.000000	-607.312500
1	-632.625000	-2048.000000	-607.312500
1	-632.625000	-2048.000000	-607.312500
1	-632.625000	-2048.000000	-607.312500
1	-632.625000	-2048.000000	-607.312500
1	-632.625000	-2048.000000	-607.312500
1	-632.625000	-2048.000000	-607.312500
1	-632.625000	-2048.000000	-607.312500
1	-632.625000	-2048.000000	-607.312500
1	-632.625000	-2048.000000	-607.312500
1	-632.625000	-2048.000000	-607.312500
1	-632.625000	-2048.000000	-607.312500
1	-632.625000	-2048.000000	-607.312500
1	-632.625000	-2048.000000	-607.312500
1	-632.625000	-2048.000000	-607.312500
1	-632.625000	-2048.000000	-607.312500
1	-632.625000	-2048.000000	-607.312500
1	-632.625000	-2048.000000	-607.312500
1	-632.625000	-2048.000000	-607.312500
1	-632.625000	-2048.000000	-607.312500
1	-632.625000	-2048.000000	-607.312500
1	-632.625000	-2048.000000	-607.312500
1	-632.625000	-2048.000000	-607.312500
1	-632.625000	-2048.000000	-607.312500
1	-632.625000	-2048.000000	-607.312500
1	-630.062500	-2048.000000	-606.000000
1	-630.062500	-2048.000000	-606.000000
1	-630.062500	-2048.000000	-606.000000
1	-630.062500	-2048.000000	-606.000000
1	-630.062500	-2048.000000	-606.000000
1	-630.062500	-2048.000000	-606.000000
1	-630.062500	-2048.000000	-606.000000
1	-630.062500	-2048.000000	-606.000000
1	-630.062500	-2048.000000	-606.000000
1	-630.062500	-2048.000000	-606.000000
1	-630.062500	-2048.000000	-606.000000
1	-630.062500	-2048.000000	-606.000000
1	-630.062500	-2048.000000	-606.000000
1	-630.062500	-2048.000000	-606.000000
1	-630.062500	-2048.000000	-606.000000
1	-630.062500	-2048.000000	-606.000000
1	-630.062500	-2048.000000	-606.000000
1	-630.062500	-2048.000000	-606.000000
1	-630.062500	-2048.000000	-606.000000
1	-630.062500	-2048.000000	-606.000000
1	-630.062500	-2048.000000	-606.000000
1	-630.062500	-2048.000000	-606.000000
1	-630.062500	-2048.000000	-606.000000
1	-630.062500	-2048.000000	-606.000000
1	-630.062500	-2048.000000	-606.000000
1	-630.062500	-2048.000000	-606.000000
1	-630.062500	-2048.000000	-606.000000
1	-630.062500	-2048.000000	-606.000000
1	-630.062500	-2048.000000	-606.000000
1	-630.062500	-2048.000000	-606.000000
1	-624.500000	-2048.000000	-601.187500
1	-624.500000	-2048.000000	-601.187500
1	-624.500000	-2048.000000	-601.187500
1	-624.500000	-2048.000000	-601.187500
1	-624.500000	-2048.000000	-601.187500
1	-624.500000	-2048.000000	-601.187500
1	-624.500000	-2048.000000	-601.187500
1	-624.500000	-2048.000000	-601.187500
1	-624.500000	-2048.000000	-601.187500
1	-624.500000	-2048.000000	-601.187500
1	-624.500000	-2048.000000	-601.187500
1	-624.500000	-2048.000000	-601.187500
1	-624.500000	-2048.000000	-601.187500
1	-624.500000	-2048.000000	-601.187500
1	-624.500000	-2048.000000	-601.187500
1	-624.500000	-2048.000000	-601.187500
1	-624.500000	-2048.000000	-601.187500
1	-624.500000	-2048.000000	-601.187500
1	-624.500000	-2048.000000	-601.187500
1	-624.500000	-2048.000000	-601.187500
1	-624.500000	-2048.000000	-601.187500
1	-624.500000	-2048.000000	-601.187500
1	-624.500000	-2048.000000	-601.187500
1	-624.500000	-2048.000000	-601.187500
1	-624.500000	-2048.000000	-601.187500
1	-624.500000	-2048.000000	-601.187500
1	-624.500000	-2048.000000	-601.187500
1	-624.500000	-2048.000000	-601.187500
1	-624.500000	-2048.000000	-601.187500
1	-624.500000	-2048.000000	-601.187500
1	-624.500000	-2048.000000	-601.187500
1	-613.437500	-2048.000000	-594.687500
1	-613.437500	-2048.000000	-594.687500
1	-613.437500	-2048.000000	-594.687500
1	-613.437500	-2048.000000	-594.687500
1	-613.437500	-2048.000000	-594.687500
1	-613.437500	-2048.000000	-594.687500
1	-613.437500	-2048.000000	-594.687500
1	-613.437500	-2048.000000	-594.687500
1	-613.437500	-2048.000000	-594.687500
1	-613.437500	-2048.000000	-594.687500
1	-613.437500	-2048.000000	-594.687500
1	-613.437500	-2048.000000	-594.687500
1	-613.437500	-2048.000000	-594.687500
1	-613.437500	-2048.000000	-594.687500
1	-613.437500	-2048.000000	-594.687500
1	-613.437500	-2048.000000	-594.687500
1	-613.437500	-2048.000000	-594.687500
1	-613.437500	-2048.000000	-594.687500
1	-613.437500	-2048.000000	-594.687500
1	-613.437500	-2048.000000	-594.687500
1	-613.437500	-2048.000000	-594.687500
1	-613.437500	-2048.000000	-594.687500
1	-613.437500	-2048.000000	-594.687500
1	-613.437500	-2048.000000	-594.687500
1	-613.437500	-2048.000000	-594.687500
1	-613.437500	-2048.000000	-594.687500
1	-613.437500	-2048.000000	-594.687500
1	-613.437500	-2048.000000	-594.687500
1	-613.437500	-2048.000000	-594.687500
1	-613.437500	-2048.000000	-594.687500
1	-613.437500	-2048.000000	-594.687500
1	-608.625000	-2048.000000	-589.500000
1	-608.625000	-2048.000000	-589.500000
1	-608.625000	-2048.000000	-589.500000
1	-608.625000	-2048.000000	-589.500000
1	-608.625000	-2048.000000	-589.500000
1	-608.625000	-2048.000000	-589.500000
1	-608.625000	-2048.000000	-589.500000
1	-608.625000	-2048.000000	-589.500000
1	-608.625000	-2048.000000	-589.500000
1	-608.625000	-2048.000000	-589.500000
1	-608.625000	-2048.000000	-589.500000
1	-608.625000	-2048.000000	-589.500000
1	-608.625000	-2048.000000	-589.500000
1	-608.625000	-2048.000000	-589.500000
1	-608.625000	-2048.000000	-589.500000
1	-608.625000	-2048.000000	-589.500000
1	-608.625000	-2048.000000	-589.500000
1	-608.625000	-2048.000000	-589.500000
1	-608.625000	-2048.000000	-589.500000
1	-608.625000	-2048.000000	-589.500000
1	-608.625000	-2048.000000	-589.500000
1	-608.625000	-2048.000000	-589.500000
1	-608.625000	-2048.000000	-589.500000
1	-608.625000	-2048.000000	-589.500000
1	-608.625000	-2048.000000	-589.500000
1	-608.625000	-2048.000000	-589.500000
1	-608.625000	-2048.000000	-589.500000
1	-608.625000	-2048.000000	-589.500000
1	-608.625000	-2048.000000	-589.500000
1	-608.625000	-2048.000000	-589.500000
1	-603.812500	-2048.000000	-587.687500
1	-603.812500	-2048.000000	-587.687500
1	-603.812500	-2048.000000	-587.687500
1	-603.812500	-2048.000000	-587.687500
1	-603.812500	-2048.000000	-587.687500
1	-603.812500	-2048.000000	-587.687500
1	-603.812500	-2048.000000	-587.687500
1	-603.812500	-2048.000000	-587.687500
1	-603.812500	-2048.000000	-587.687500
1	-603.812500	-2048.000000	-587.687500
1	-603.812500	-2048.000000	-587.687500
1	-603.812500	-2048.000000	-587.687500
1	-603.812500	-2048.000000	-587.687500
1	-603.812500	-2048.000000	-587.687500
1	-603.812500	-2048.000000	-587.687500
1	-603.812500	-2048.000000	-587.687500
1	-603.812500	-2048.000000	-587.687500
1	-603.812500	-2048.000000	-587.687500
1	-603.812500	-2048.000000	-587.687500
1	-603.812500	-2048.000000	-587.687500
1	-603.812500	-2048.000000	-587.687500
1	-603.812500	-2048.000000	-587.687500
1	-603.812500	-2048.000000	-587.687500
1	-603.812500	-2048.000000	-587.687500
1	-603.812500	-2048.000000	-587.687500
1	-603.812500	-2048.000000	-587.687500
1	-603.812500	-2048.000000	-587.687500
1	-603.812500	-2048.000000	-587.687500
1	-603.812500	-2048.000000	-587.687500
1	-603.812500	-2048.000000	-587.687500
1	-600.500000	-2048.000000	-581.937500
1	-600.500000	-2048.000000	-581.937500
1	-600.500000	-2048.000000	-581.937500
1	-600.500000	-2048.000000	-581.937500
1	-600.500000	-2048.000000	-581.937500
1	-600.500000	-2048.000000	-581.937500
1	-600.500000	-2048.000000	-581.937500
1	-600.500000	-2048.000000	-581.937500
1	-600.500000	-2048.000000	-581.937500
1	-600.500000	-2048.000000	-581.937500
1	-600.500000	-2048.000000	-581.937500
1	-600.500000	-2048.000000	-581.937500
1	-600.500000	-2048.000000	-581.937500
1	-600.500000	-2048.000000	-581.937500
1	-600.500000	-2048.000000	-581.937500
1	-600.500000	-2048.000000	-581.937500
1	-600.500000	-2048.000000	-581.937500
1	-600.500000	-2048.000000	-581.937500
1	-600.500000	-2048.000000	-581.937500
1	-600.500000	-2048.000000	-581.937500
1	-600.500000	-2048.000000	-581.937500
1	-600.500000	-2048.000000	-581.937500
1	-600.500000	-2048.000000	-581.937500
1	-600.500000	-2048.000000	-581.937500
1	-600.500000	-2048.000000	-581.937500
1	-600.500000	-2048.000000	-581.937500
1	-600.500000	-2048.000000	-581.937500
1	-600.500000	-2048.000000	-581.937500
1	-600.500000	-2048.000000	-581.937500
1	-600.500000	-2048.000000	-581.937500
1	-597.937500	-2048.000000	-582.312500
1	-597.937500	-2048.000000	-582.312500
1	-597.937500	-2048.000000	-582.312500
1	-597.937500	-2048.000000	-582.312500
1	-597.937500	-2048.000000	-582.312500
1	-597.937500	-2048.000000	-582.312500
1	-597.937500	-2048.000000	-582.312500
1	-597.937500	-2048.000000	-582.312500
1	-597.937500	-2048.000000	-582.312500
1	-597.937500	-2048.000000	-582.312500
1	-597.937500	-2048.000000	-582.312500
1	-597.937500	-2048.000000	-582.312500
1	-597.937500	-2048.000000	-582.312500
1	-597.937500	-2048.000000	-582.312500
1	-597.937500	-2048.000000	-582.312500
1	-597.937500	-2048.000000	-582.312500
1	-597.937500	-2048.000000	-582.312500
1	-597.937500	-2048.000000	-582.312500
1	-597.937500	-2048.000000	-582.312500
1	-597.937500	-2048.000000	-582.312500
1	-597.937500	-2048.000000	-582.312500
1	-597.937500	-2048.000000	-582.312500
1	-597.937500	-2048.000000	-582.312500
1	-597.937500	-2048.000000	-582.312500
1	-597.937500	-2048.000000	-582.312500
1	-597.937500	-2048.000000	-582.312500
1	-597.937500	-2048.000000	-582.312500
1	-597.937500	-2048.000000	-582.312500
1	-597.937500	-2048.000000	-582.312500
1	-597.937500	-2048.000000	-582.312500
1	-597.937500	-2048.000000	-582.312500
1	-596.812500	-2048.000000	-579.562500
1	-596.812500	-2048.000000	-579.562500
1	-596.812500	-2048.000000	-579.562500
1	-596.812500	-2048.000000	-579.562500
1	-596.812500	-2048.000000	-579.562500
1	-596.812500	-2048.000000	-579.562500
1	-596.812500	-2048.000000	-579.562500
1	-596.812500	-2048.000000	-579.562500
1	-596.812500	-2048.000000	-579.562500
1	-596.812500	-2048.000000	-579.562500
1	-596.812500	-2048.000000	-579.562500
1	-596.812500	-2048.000000	-579.562500
1	-596.812500	-2048.000000	-579.562500
1	-596.812500	-2048.000000	-579.562500
1	-596.812500	-2048.000000	-579.562500
1	-596.812500	-2048.000000	-579.562500
1	-596.812500	-2048.000000	-579.562500
1	-596.812500	-2048.000000	-579.562500
1	-596.812500	-2048.000000	-579.562500
1	-596.812500	-2048.000000	-579.562500
1	-596.812500	-2048.000000	-579.562500
1	-596.812500	-2048.000000	-579.562500
1	-596.812500	-2048.000000	-579.562500
1	-596.812500	-2048.000000	-579.562500
1	-596.812500	-2048.000000	-579.562500
1	-596.812500	-2048.000000	-579.562500
1	-596.812500	-2048.000000	-579.562500
1	-596.812500	-2048.000000	-579.562500
1	-596.812500	-2048.000000	-579.562500
1	-596.812500	-2048.000000	-579.562500
1	-593.500000	-2048.000000	-579.000000
1	-593.500000	-2048.000000	-579.000000
1	-593.500000	-2048.000000	-579.000000
1	-593.500000	-2048.000000	-579.000000
1	-593.500000	-2048.000000	-579.000000
1	-593.500000	-2048.000000	-579.000000
1	-593.500000	-2048.000000	-579.000000
1	-593.500000	-2048.000000	-579.000000
1	-593.500000	-2048.000000	-579.000000
1	-593.500000	-2048.000000	-579.000000
1	-593.500000	-2048.000000	-579.000000
1	-593.500000	-2048.000000	-579.000000
1	-593.500000	-2048.000000	-579.000000
1	-593.500000	-2048.000000	-579.000000
1	-593.500000	-2048.000000	-579.000000
1	-593.500000	-2048.000000	-579.000000
1	-593.500000	-2048.000000	-579.000000
1	-593.500000	-2048.000000	-579.000000
1	-593.500000	-2048.000000	-579.000000
1	-593.500000	-2048.000000	-579.000000
1	-593.500000	-2048.000000	-579.000000
1	-593.500000	-2048.000000	-579.000000
1	-593.500000	-2048.000000	-579.000000
1	-593.500000	-2048.000000	-579.000000
1	-593.500000	-2048.000000	-579.000000
1	-593.500000	-2048.000000	-579.000000
1	-593.500000	-2048.000000	-579.000000
1	-593.500000	-2048.000000	-579.000000
1	-593.500000	-2048.000000	-579.000000
1	-593.500000	-2048.000000	-579.000000
1	-593.125000	-2048.000000	-576.750000
1	-593.125000	-2048.000000	-576.750000
1	-593.125000	-2048.000000	-576.750000
1	-593.125000	-2048.000000	-576.750000
1	-593.125000	-2048.000000	-576.750000
1	-593.125000	-2048.000000	-576.750000
1	-593.125000	-2048.000000	-576.750000
1	-593.125000	-2048.000000	-576.750000
1	-593.125000	-2048.000000	-576.750000
1	-593.125000	-2048.000000	-576.750000
1	-593.125000	-2048.000000	-576.750000
1	-593.125000	-2048.000000	-576.750000
1	-593.125000	-2048.000000	-576.750000
1	-593.125000	-2048.000000	-576.750000
1	-593.125000	-2048.000000	-576.750000
1	-593.125000	-2048.000000	-576.750000
1	-593.125000	-2048.000000	-576.750000
1	-593.125000	-2048.000000	-576.750000
1	-593.125000	-2048.000000	-576.750000
1	-593.125000	-2048.000000	-576.750000
1	-593.125000	-2048.000000	-576.750000
1	-593.125000	-2048.000000	-576.750000
1	-593.125000	-2048.000000	-576.750000
1	-593.125000	-2048.000000	-576.750000
1	-593.125000	-2048.000000	-576.750000
1	-593.125000	-2048.000000	-576.750000
1	-593.125000	-2048.000000	-576.750000
1	-593.125000	-2048.000000	-576.750000
1	-593.125000	-2048.000000	-576.750000
1	-593.125000	-2048.000000	-576.750000
1	-593.125000	-2048.000000	-576.750000
1	-591.687500	-2048.000000	-577.125000
1	-591.687500	-2048.000000	-577.125000
1	-591.687500	-2048.000000	-577.125000
1	-591.687500	-2048.000000	-577.125000
1	-591.687500	-2048.000000	-577.125000
1	-591.687500	-2048.000000	-577.125000
1	-591.687500	-2048.000000	-577.125000
1	-591.687500	-2048.000000	-577.125000
1	-591.687500	-2048.000000	-577.125000
1	-591.687500	-2048.000000	-577.125000
1	-591.687500	-2048.000000	-577.125000
1	-591.687500	-2048.000000	-577.125000
1	-591.687500	-2048.000000	-577.125000
1	-591.687500	-2048.000000	-577.125000
1	-591.687500	-2048.000000	-577.125000
1	-591.687500	-2048.000000	-577.125000
1	-591.687500	-2048.000000	-577.125000
1	-591.687500	-2048.000000	-577.125000
1	-591.687500	-2048.000000	-577.125000
1	-591.687500	-2048.000000	-577.125000
1	-591.687500	-2048.000000	-577.125000
1	-591.687500	-2048.000000	-577.125000
1	-591.687500	-2048.000000	-577.125000
1	-591.687500	-2048.000000	-577.125000
1	-591.687500	-2048.000000	-577.125000
1	-591.687500	-2048.000000	-577.125000
1	-591.687500	-2048.000000	-577.125000
1	-591.687500	-2048.000000	-577.125000
1	-591.687500	-2048.000000	-577.125000
1	-591.687500	-2048.000000	-577.125000
1	-590.187500	-2048.000000	-576.062500
1	-590.187500	-2048.000000	-576.062500
1	-590.187500	-2048.000000	-576.062500
1	-590.187500	-2048.000000	-576.062500
1	-590.187500	-2048.000000	-576.062500
1	-590.187500	-2048.000000	-576.062500
1	-590.187500	-2048.000000	-576.062500
1	-590.187500	-2048.000000	-576.062500
1	-590.187500	-2048.000000	-576.062500
1	-590.187500	-2048.000000	-576.062500
1	-590.187500	-2048.000000	-576.062500
1	-590.187500	-2048.000000	-576.062500
1	-590.187500	-2048.000000	-576.062500
1	-590.187500	-2048.000000	-576.062500
1	-590.187500	-2048.000000	-576.062500
1	-590.187500	-2048.000000	-576.062500
1	-590.187500	-2048.000000	-576.062500
1	-590.187500	-2048.000000	-576.062500
1	-590.187500	-2048.000000	-576.062500
1	-590.187500	-2048.000000	-576.062500
1	-590.187500	-2048.000000	-576.062500
1	-590.187500	-2048.000000	-576.062500
1	-590.187500	-2048.000000	-576.062500
1	-590.187500	-2048.000000	-576.062500
1	-590.187500	-2048.000000	-576.062500
1	-590.187500	-2048.000000	-576.062500
1	-590.187500	-2048.000000	-576.062500
1	-590.187500	-2048.000000	-576.062500
1	-590.187500	-2048.000000	-576.062500
1	-590.187500	-2048.000000	-576.062500
1	-586.500000	-2048.000000	-574.500000
1	-586.500000	-2048.000000	-574.500000
1	-586.500000	-2048.000000	-574.500000
1	-586.500000	-2048.000000	-574.500000
1	-586.500000	-2048.000000	-574.500000
1	-586.500000	-2048.000000	-574.500000
1	-586.500000	-2048.000000	-574.500000
1	-586.500000	-2048.000000	-574.500000
1	-586.500000	-2048.000000	-574.500000
1	-586.500000	-2048.000000	-574.500000
1	-586.500000	-2048.000000	-574.500000
1	-586.500000	-2048.000000	-574.500000
1	-586.500000	-2048.000000	-574.500000
1	-586.500000	-2048.000000	-574.500000
1	-586.500000	-2048.000000	-574.500000
1	-586.500000	-2048.000000	-574.500000
1	-586.500000	-2048.000000	-574.500000
1	-586.500000	-2048.000000	-574.500000
1	-586.500000	-2048.000000	-574.500000
1	-586.500000	-2048.000000	-574.500000
1	-586.500000	-2048.000000	-574.500000
1	-586.500000	-2048.000000	-574.500000
1	-586.500000	-2048.000000	-574.500000
1	-586.500000	-2048.000000	-574.500000
1	-586.500000	-2048.000000	-574.500000
1	-586.500000	-2048.000000	-574.500000
1	-586.500000	-2048.000000	-574.500000
1	-586.500000	-2048.000000	-574.500000
1	-586.500000	-2048.000000	-574.500000
1	-586.500000	-2048.000000	-574.500000
1	-584.250000	-2048.000000	-572.750000
1	-584.250000	-2048.000000	-572.750000
1	-584.250000	-2048.000000	-572.750000
1	-584.250000	-2048.000000	-572.750000
1	-584.250000	-2048.000000	-572.750000
1	-584.250000	-2048.000000	-572.750000
1	-584.250000	-2048.000000	-572.750000
1	-584.250000	-2048.000000	-572.750000
1	-584.250000	-2048.000000	-572.750000
1	-584.250000	-2048.000000	-572.750000
1	-584.250000	-2048.000000	-572.750000
1	-584.250000	-2048.000000	-572.750000
1	-584.250000	-2048.000000	-572.750000
1	-584.250000	-2048.000000	-572.750000
1	-584.250000	-2048.000000	-572.750000
1	-584.250000	-2048.000000	-572.750000
1	-584.250000	-2048.000000	-572.750000
1	-584.250000	-2048.000000	-572.750000
1	-584.250000	-2048.000000	-572.750000
1	-584.250000	-2048.000000	-572.750000
1	-584.250000	-2048.000000	-572.750000
1	-584.250000	-2048.000000	-572.750000
1	-584.250000	-2048.000000	-572.750000
1	-584.250000	-2048.000000	-572.750000
1	-584.250000	-2048.000000	-572.750000
1	-584.250000	-2048.000000	-572.750000
1	-584.250000	-2048.000000	-572.750000
1	-584.250000	-2048.000000	-572.750000
1	-584.250000	-2048.000000	-572.750000
1	-584.250000	-2048.000000	-572.750000
1	-584.250000	-2048.000000	-572.750000
1	-575.062500	-2048.000000	-572.062500
1	-575.062500	-2048.000000	-572.062500
1	-575.062500	-2048.000000	-572.062500
1	-575.062500	-2048.000000	-572.062500
1	-575.062500	-2048.000000	-572.062500
1	-575.062500	-2048.000000	-572.062500
1	-575.062500	-2048.000000	-572.062500
1	-575.062500	-2048.000000	-572.062500
1	-575.062500	-2048.000000	-572.062500
1	-575.062500	-2048.000000	-572.062500
1	-575.062500	-2048.000000	-572.062500
1	-575.062500	-2048.000000	-572.062500
1	-575.062500	-2048.000000	-572.062500
1	-575.062500	-2048.000000	-572.062500
1	-575.062500	-2048.000000	-572.062500
1	-575.062500	-2048.000000	-572.062500
1	-575.062500	-2048.000000	-572.062500
1	-575.062500	-2048.000000	-572.062500
1	-575.062500	-2048.000000	-572.062500
1	-575.062500	-2048.000000	-572.062500
1	-575.062500	-2048.000000	-572.062500
1	-575.062500	-2048.000000	-572.062500
1	-575.062500	-2048.000000	-572.062500
1	-575.062500	-2048.000000	-572.062500
1	-575.062500	-2048.000000	-572.062500
1	-575.062500	-2048.000000	-572.062500
1	-575.062500	-2048.000000	-572.062500
1	-575.062500	-2048.000000	-572.062500
1	-575.062500	-2048.000000	-572.062500
1	-575.062500	-2048.000000	-572.062500
1	-576.937500	-2048.000000	-571.000000
1	-576.937500	-2048.000000	-571.000000
1	-576.937500	-2048.000000	-571.000000
1	-576.937500	-2048.000000	-571.000000
1	-576.937500	-2048.000000	-571.000000
1	-576.937500	-2048.000000	-571.000000
1	-576.937500	-2048.000000	-571.000000
1	-576.937500	-2048.000000	-571.000000
1	-576.937500	-2048.000000	-571.000000
1	-576.937500	-2048.000000	-571.000000
1	-576.937500	-2048.000000	-571.000000
1	-576.937500	-2048.000000	-571.000000
1	-576.937500	-2048.000000	-571.000000
1	-576.937500	-2048.000000	-571.000000
1	-576.937500	-2048.000000	-571.000000
1	-576.937500	-2048.000000	-571.000000
1	-576.937500	-2048.000000	-571.000000
1	-576.937500	-2048.000000	-571.000000
1	-576.937500	-2048.000000	-571.000000
1	-576.937500	-2048.000000	-571.000000
1	-576.937500	-2048.000000	-571.000000
1	-576.937500	-2048.000000	-571.000000
1	-576.937500	-2048.000000	-571.000000
1	-576.937500	-2048.000000	-571.000000
1	-576.937500	-2048.000000	-571.000000
1	-576.937500	-2048.000000	-571.000000
1	-576.937500	-2048.000000	-571.000000
1	-576.937500	-2048.000000	-571.000000
1	-576.937500	-2048.000000	-571.000000
1	-576.937500	-2048.000000	-571.000000
1	-576.937500	-2048.000000	-571.000000
1	-576.500000	-2048.000000	-567.625000
1	-576.500000	-2048.000000	-567.625000
1	-576.500000	-2048.000000	-567.625000
1	-576.500000	-2048.000000	-567.625000
1	-576.500000	-2048.000000	-567.625000
1	-576.500000	-2048.000000	-567.625000
1	-576.500000	-2048.000000	-567.625000
1	-576.500000	-2048.000000	-567.625000
1	-576.500000	-2048.000000	-567.625000
1	-576.500000	-2048.000000	-567.625000
1	-576.500000	-2048.000000	-567.625000
1	-576.500000	-2048.000000	-567.625000
1	-576.500000	-2048.000000	-567.625000
1	-576.500000	-2048.000000	-567.625000
1	-576.500000	-2048.000000	-567.625000
1	-576.500000	-2048.000000	-567.625000
1	-576.500000	-2048.000000	-567.625000
1	-576.500000	-2048.000000	-567.625000
1	-576.500000	-2048.000000	-567.625000
1	-576.500000	-2048.000000	-567.625000
1	-576.500000	-2048.000000	-567.625000
1	-576.500000	-2048.000000	-567.625000
1	-576.500000	-2048.000000	-567.625000
1	-576.500000	-2048.000000	-567.625000
1	-576.500000	-2048.000000	-567.625000
1	-576.500000	-2048.000000	-567.625000
1	-576.500000	-2048.000000	-567.625000
1	-576.500000	-2048.000000	-567.625000
1	-576.500000	-2048.000000	-567.625000
1	-576.500000	-2048.000000	-567.625000
1	-576.500000	-2048.000000	-567.625000
1	-575.062500	-2048.000000	-567.312500
1	-575.062500	-2048.000000	-567.312500
1	-575.062500	-2048.000000	-567.312500
1	-575.062500	-2048.000000	-567.312500
1	-575.062500	-2048.000000	-567.312500
1	-575.062500	-2048.000000	-567.312500
1	-575.062500	-2048.000000	-567.312500
1	-575.062500	-2048.000000	-567.312500
1	-575.062500	-2048.000000	-567.312500
1	-575.062500	-2048.000000	-567.312500
1	-575.062500	-2048.000000	-567.312500
1	-575.062500	-2048.000000	-567.312500
1	-575.062500	-2048.000000	-567.312500
1	-575.062500	-2048.000000	-567.312500
1	-575.062500	-2048.000000	-567.312500
1	-575.062500	-2048.000000	-567.312500
1	-575.062500	-2048.000000	-567.312500
1	-575.062500	-2048.000000	-567.312500
1	-575.062500	-2048.000000	-567.312500
1	-575.062500	-2048.000000	-567.312500
1	-575.062500	-2048.000000	-567.312500
1	-575.062500	-2048.000000	-567.312500
1	-575.062500	-2048.000000	-567.312500
1	-575.062500	-2048.000000	-567.312500
1	-575.062500	-2048.000000	-567.312500
1	-575.062500	-2048.000000	-567.312500
1	-575.062500	-2048.000000	-567.312500
1	-575.062500	-2048.000000	-567.312500
1	-575.062500	-2048.000000	-567.312500
1	-575.062500	-2048.000000	-567.312500
1	-573.562500	-2048.000000	-565.187500
1	-573.562500	-2048.000000	-565.187500
1	-573.562500	-2048.000000	-565.187500
1	-573.562500	-2048.000000	-565.187500
1	-573.562500	-2048.000000	-565.187500
1	-573.562500	-2048.000000	-565.187500
1	-573.562500	-2048.000000	-565.187500
1	-573.562500	-2048.000000	-565.187500
1	-573.562500	-2048.000000	-565.187500
1	-573.562500	-2048.000000	-565.187500
1	-573.562500	-2048.000000	-565.187500
1	-573.562500	-2048.000000	-565.187500
1	-573.562500	-2048.000000	-565.187500
1	-573.562500	-2048.000000	-565.187500
1	-573.562500	-2048.000000	-565.187500
1	-573.562500	-2048.000000	-565.187500
1	-573.562500	-2048.000000	-565.187500
1	-573.562500	-2048.000000	-565.187500
1	-573.562500	-2048.000000	-565.187500
1	-573.562500	-2048.000000	-565.187500
1	-573.562500	-2048.000000	-565.187500
1	-573.562500	-2048.000000	-565.187500
1	-573.562500	-2048.000000	-565.187500
1	-573.562500	-2048.000000	-565.187500
1	-573.562500	-2048.000000	-565.187500
1	-573.562500	-2048.000000	-565.187500
1	-573.562500	-2048.000000	-565.187500
1	-573.562500	-2048.000000	-565.187500
1	-573.562500	-2048.000000	-565.187500
1	-573.562500	-2048.000000	-565.187500
1	-573.562500	-2048.000000	-565.187500
1	-572.875000	-2048.000000	-563.437500
1	-572.875000	-2048.000000	-563.437500
1	-572.875000	-2048.000000	-563.437500
1	-572.875000	-2048.000000	-563.437500
1	-572.875000	-2048.000000	-563.437500
1	-572.875000	-2048.000000	-563.437500
1	-572.875000	-2048.000000	-563.437500
1	-572.875000	-2048.000000	-563.437500
1	-572.875000	-2048.000000	-563.437500
1	-572.875000	-2048.000000	-563.437500
1	-572.875000	-2048.000000	-563.437500
1	-572.875000	-2048.000000	-563.437500
1	-572.875000	-2048.000000	-563.437500
1	-572.875000	-2048.000000	-563.437500
1	-572.875000	-2048.000000	-563.437500
1	-572.875000	-2048.000000	-563.437500
1	-572.875000	-2048.000000	-563.437500
1	-572.875000	-2048.000000	-563.437500
1	-572.875000	-2048.000000	-563.437500
1	-572.875000	-2048.000000	-563.437500
1	-572.875000	-2048.000000	-563.437500
1	-572.875000	-2048.000000	-563.437500
1	-572.875000	-2048.000000	-563.437500
1	-572.875000	-2048.000000	-563.437500
1	-572.875000	-2048.000000	-563.437500
1	-572.875000	-2048.000000	-563.437500
1	-572.875000	-2048.000000	-563.437500
1	-572.875000	-2048.000000	-563.437500
1	-572.875000	-2048.000000	-563.437500
1	-572.875000	-2048.000000	-563.437500
1	-574.312500	-2048.000000	-562.937500
1	-574.312500	-2048.000000	-562.937500
1	-574.312500	-2048.000000	-562.937500
1	-574.312500	-2048.000000	-562.937500
1	-574.312500	-2048.000000	-562.937500
1	-574.312500	-2048.000000	-562.937500
1	-574.312500	-2048.000000	-562.937500
1	-574.312500	-2048.000000	-562.937500
1	-574.312500	-2048.000000	-562.937500
1	-574.312500	-2048.000000	-562.937500
1	-574.312500	-2048.000000	-562.937500
1	-574.312500	-2048.000000	-562.937500
1	-574.312500	-2048.000000	-562.937500
1	-574.312500	-2048.000000	-562.937500
1	-574.312500	-2048.000000	-562.937500
1	-574.312500	-2048.000000	-562.937500
1	-574.312500	-2048.000000	-562.937500
1	-574.312500	-2048.000000	-562.937500
1	-574.312500	-2048.000000	-562.937500
1	-574.312500	-2048.000000	-562.937500
1	-574.312500	-2048.000000	-562.937500
1	-574.312500	-2048.000000	-562.937500
1	-574.312500	-2048.000000	-562.937500
1	-574.312500	-2048.000000	-562.937500
1	-574.312500	-2048.000000	-562.937500
1	-574.312500	-2048.000000	-562.937500
1	-574.312500	-2048.000000	-562.937500
1	-574.312500	-2048.000000	-562.937500
1	-574.312500	-2048.000000	-562.937500
1	-574.312500	-2048.000000	-562.937500
1	-571.375000	-2048.000000	-562.625000
1	-571.375000	-2048.000000	-562.625000
1	-571.375000	-2048.000000	-562.625000
1	-571.375000	-2048.000000	-562.625000
1	-571.375000	-2048.000000	-562.625000
1	-571.375000	-2048.000000	-562.625000
1	-571.375000	-2048.000000	-562.625000
1	-571.375000	-2048.000000	-562.625000
1	-571.375000	-2048.000000	-562.625000
1	-571.375000	-2048.000000	-562.625000
1	-571.375000	-2048.000000	-562.625000
1	-571.375000	-2048.000000	-562.625000
1	-571.375000	-2048.000000	-562.625000
1	-571.375000	-2048.000000	-562.625000
1	-571.375000	-2048.000000	-562.625000
1	-571.375000	-2048.000000	-562.625000
1	-571.375000	-2048.000000	-562.625000
1	-571.375000	-2048.000000	-562.625000
1	-571.375000	-2048.000000	-562.625000
1	-571.375000	-2048.000000	-562.625000
1	-571.375000	-2048.000000	-562.625000
1	-571.375000	-2048.000000	-562.625000
1	-571.375000	-2048.000000	-562.625000
1	-571.375000	-2048.000000	-562.625000
1	-571.375000	-2048.000000	-562.625000
1	-571.375000	-2048.000000	-562.625000
1	-571.375000	-2048.000000	-562.625000
1	-571.375000	-2048.000000	-562.625000
1	-571.375000	-2048.000000	-562.625000
1	-571.375000	-2048.000000	-562.625000
1	-566.937500	-2048.000000	-561.062500
1	-566.937500	-2048.000000	-561.062500
1	-566.937500	-2048.000000	-561.062500
1	-566.937500	-2048.000000	-561.062500
1	-566.937500	-2048.000000	-561.062500
1	-566.937500	-2048.000000	-561.062500
1	-566.937500	-2048.000000	-561.062500
1	-566.937500	-2048.000000	-561.062500
1	-566.937500	-2048.000000	-561.062500
1	-566.937500	-2048.000000	-561.062500
1	-566.937500	-2048.000000	-561.062500
1	-566.937500	-2048.000000	-561.062500
1	-566.937500	-2048.000000	-561.062500
1	-566.937500	-2048.000000	-561.062500
1	-566.937500	-2048.000000	-561.062500
1	-566.937500	-2048.000000	-561.062500
1	-566.937500	-2048.000000	-561.062500
1	-566.937500	-2048.000000	-561.062500
1	-566.937500	-2048.000000	-561.062500
1	-566.937500	-2048.000000	-561.062500
1	-566.937500	-2048.000000	-561.062500
1	-566.937500	-2048.000000	-561.062500
1	-566.937500	-2048.000000	-561.062500
1	-566.937500	-2048.000000	-561.062500
1	-566.937500	-2048.000000	-561.062500
1	-566.937500	-2048.000000	-561.062500
1	-566.937500	-2048.000000	-561.062500
1	-566.937500	-2048.000000	-561.062500
1	-566.937500	-2048.000000	-561.062500
1	-566.937500	-2048.000000	-561.062500
1	-566.937500	-2048.000000	-561.062500
1	-563.625000	-2048.000000	-558.750000
1	-563.625000	-2048.000000	-558.750000
1	-563.625000	-2048.000000	-558.750000
1	-563.625000	-2048.000000	-558.750000
1	-563.625000	-2048.000000	-558.750000
1	-563.625000	-2048.000000	-558.750000
1	-563.625000	-2048.000000	-558.750000
1	-563.625000	-2048.000000	-558.750000
1	-563.625000	-2048.000000	-558.750000
1	-563.625000	-2048.000000	-558.750000
1	-563.625000	-2048.000000	-558.750000
1	-563.625000	-2048.000000	-558.750000
1	-563.625000	-2048.000000	-558.750000
1	-563.625000	-2048.000000	-558.750000
1	-563.625000	-2048.000000	-558.750000
1	-563.625000	-2048.000000	-558.750000
1	-563.625000	-2048.000000	-558.750000
1	-563.625000	-2048.000000	-558.750000
1	-563.625000	-2048.000000	-558.750000
1	-563.625000	-2048.000000	-558.750000
1	-563.625000	-2048.000000	-558.750000
1	-563.625000	-2048.000000	-558.750000
1	-563.625000	-2048.000000	-558.750000
1	-563.625000	-2048.000000	-558.750000
1	-563.625000	-2048.000000	-558.750000
1	-563.625000	-2048.000000	-558.750000
1	-563.625000	-2048.000000	-558.750000
1	-563.625000	-2048.000000	-558.750000
1	-563.625000	-2048.000000	-558.750000
1	-563.625000	-2048.000000	-558.750000
1	-563.250000	-2048.000000	-559.437500
1	-563.250000	-2048.000000	-559.437500
1	-563.250000	-2048.000000	-559.437500
1	-563.250000	-2048.000000	-559.437500
1	-563.250000	-2048.000000	-559.437500
1	-563.250000	-2048.000000	-559.437500
1	-563.250000	-2048.000000	-559.437500
1	-563.250000	-2048.000000	-559.437500
1	-563.250000	-2048.000000	-559.437500
1	-563.250000	-2048.000000	-559.437500
1	-563.250000	-2048.000000	-559.437500
1	-563.250000	-2048.000000	-559.437500
1	-563.250000	-2048.000000	-559.437500
1	-563.250000	-2048.000000	-559.437500
1	-563.250000	-2048.000000	-559.437500
1	-563.250000	-2048.000000	-559.437500
1	-563.250000	-2048.000000	-559.437500
1	-563.250000	-2048.000000	-559.437500
1	-563.250000	-2048.000000	-559.437500
1	-563.250000	-2048.000000	-559.437500
1	-563.250000	-2048.000000	-559.437500
1	-563.250000	-2048.000000	-559.437500
1	-563.250000	-2048.000000	-559.437500
1	-563.250000	-2048.000000	-559.437500
1	-563.250000	-2048.000000	-559.437500
1	-563.250000	-2048.000000	-559.437500
1	-563.250000	-2048.000000	-559.437500
1	-563.250000	-2048.000000	-559.437500
1	-563.250000	-2048.000000	-559.437500
1	-563.250000	-2048.000000	-559.437500
1	-561.750000	-2048.000000	-558.687500
1	-561.750000	-2048.000000	-558.687500
1	-561.750000	-2048.000000	-558.687500
1	-561.750000	-2048.000000	-558.687500
1	-561.750000	-2048.000000	-558.687500
1	-561.750000	-2048.000000	-558.687500
1	-561.750000	-2048.000000	-558.687500
1	-561.750000	-2048.000000	-558.687500
1	-561.750000	-2048.000000	-558.687500
1	-561.750000	-2048.000000	-558.687500
1	-561.750000	-2048.000000	-558.687500
1	-561.750000	-2048.000000	-558.687500
1	-561.750000	-2048.000000	-558.687500
1	-561.750000	-2048.000000	-558.687500
1	-561.750000	-2048.000000	-558.687500
1	-561.750000	-2048.000000	-558.687500
1	-561.750000	-2048.000000	-558.687500
1	-561.750000	-2048.000000	-558.687500
1	-561.750000	-2048.000000	-558.687500
1	-561.750000	-2048.000000	-558.687500
1	-561.750000	-2048.000000	-558.687500
1	-561.750000	-2048.000000	-558.687500
1	-561.750000	-2048.000000	-558.687500
1	-561.750000	-2048.000000	-558.687500
1	-561.750000	-2048.000000	-558.687500
1	-561.750000	-2048.000000	-558.687500
1	-561.750000	-2048.000000	-558.687500
1	-561.750000	-2048.000000	-558.687500
1	-561.750000	-2048.000000	-558.687500
1	-561.750000	-2048.000000	-558.687500
1	-561.750000	-2048.000000	-558.687500
1	-558.062500	-2048.000000	-558.250000
1	-558.062500	-2048.000000	-558.250000
1	-558.062500	-2048.000000	-558.250000
1	-558.062500	-2048.000000	-558.250000
1	-558.062500	-2048.000000	-558.250000
1	-558.062500	-2048.000000	-558.250000
1	-558.062500	-2048.000000	-558.250000
1	-558.062500	-2048.000000	-558.250000
1	-558.062500	-2048.000000	-558.250000
1	-558.062500	-2048.000000	-558.250000
1	-558.062500	-2048.000000	-558.250000
1	-558.062500	-2048.000000	-558.250000
1	-558.062500	-2048.000000	-558.250000
1	-558.062500	-2048.000000	-558.250000
1	-558.062500	-2048.000000	-558.250000
1	-558.062500	-2048.000000	-558.250000
1	-558.062500	-2048.000000	-558.250000
1	-558.062500	-2048.000000	-558.250000
1	-558.062500	-2048.000000	-558.250000
1	-558.062500	-2048.000000	-558.250000
1	-558.062500	-2048.000000	-558.250000
1	-558.062500	-2048.000000	-558.250000
1	-558.062500	-2048.000000	-558.250000
1	-558.062500	-2048.000000	-558.250000
1	-558.062500	-2048.000000	-558.250000
1	-558.062500	-2048.000000	-558.250000
1	-558.062500	-2048.000000	-558.250000
1	-558.062500	-2048.000000	-558.250000
1	-558.062500	-2048.000000	-558.250000
1	-558.062500	-2048.000000	-558.250000
1	-558.062500	-2048.000000	-558.250000
1	-556.937500	-2048.000000	-556.687500
1	-556.937500	-2048.000000	-556.687500
1	-556.937500	-2048.000000	-556.687500
1	-556.937500	-2048.000000	-556.687500
1	-556.937500	-2048.000000	-556.687500
1	-556.937500	-2048.000000	-556.687500
1	-556.937500	-2048.000000	-556.687500
1	-556.937500	-2048.000000	-556.687500
1	-556.937500	-2048.000000	-556.687500
1	-556.937500	-2048.000000	-556.687500
1	-556.937500	-2048.000000	-556.687500
1	-556.937500	-2048.000000	-556.687500
1	-556.937500	-2048.000000	-556.687500
1	-556.937500	-2048.000000	-556.687500
1	-556.937500	-2048.000000	-556.687500
1	-556.937500	-2048.000000	-556.687500
1	-556.937500	-2048.000000	-556.687500
1	-556.937500	-2048.000000	-556.687500
1	-556.937500	-2048.000000	-556.687500
1	-556.937500	-2048.000000	-556.687500
1	-556.937500	-2048.000000	-556.687500
1	-556.937500	-2048.000000	-556.687500
1	-556.937500	-2048.000000	-556.687500
1	-556.937500	-2048.000000	-556.687500
1	-556.937500	-2048.000000	-556.687500
1	-556.937500	-2048.000000	-556.687500
1	-556.937500	-2048.000000	-556.687500
1	-556.937500	-2048.000000	-556.687500
1	-556.937500	-2048.000000	-556.687500
1	-556.937500	-2048.000000	-556.687500
1	-556.937500	-2048.000000	-556.687500
1	-554.375000	-2048.000000	-557.875000
1	-554.375000	-2048.000000	-557.875000
1	-554.375000	-2048.000000	-557.875000
1	-554.375000	-2048.000000	-557.875000
1	-554.375000	-2048.000000	-557.875000
1	-554.375000	-2048.000000	-557.875000
1	-554.375000	-2048.000000	-557.875000
1	-554.375000	-2048.000000	-557.875000
1	-554.375000	-2048.000000	-557.875000
1	-554.375000	-2048.000000	-557.875000
1	-554.375000	-2048.000000	-557.875000
1	-554.375000	-2048.000000	-557.875000
1	-554.375000	-2048.000000	-557.875000
1	-554.375000	-2048.000000	-557.875000
1	-554.375000	-2048.000000	-557.875000
1	-554.375000	-2048.000000	-557.875000
1	-554.375000	-2048.000000	-557.875000
1	-554.375000	-2048.000000	-557.875000
1	-554.375000	-2048.000000	-557.875000
1	-554.375000	-2048.000000	-557.875000
1	-554.375000	-2048.000000	-557.875000
1	-554.375000	-2048.000000	-557.875000
1	-554.375000	-2048.000000	-557.875000
1	-554.375000	-2048.000000	-557.875000
1	-554.375000	-2048.000000	-557.875000
1	-554.375000	-2048.000000	-557.875000
1	-554.375000	-2048.000000	-557.875000
1	-554.375000	-2048.000000	-557.875000
1	-554.375000	-2048.000000	-557.875000
1	-554.375000	-2048.000000	-557.875000
1	-552.187500	-2048.000000	-556.687500
1	-552.187500	-2048.000000	-556.687500
1	-552.187500	-2048.000000	-556.687500
1	-552.187500	-2048.000000	-556.687500
1	-552.187500	-2048.000000	-556.687500
1	-552.187500	-2048.000000	-556.687500
1	-552.187500	-2048.000000	-556.687500
1	-552.187500	-2048.000000	-556.687500
1	-552.187500	-2048.000000	-556.687500
1	-552.187500	-2048.000000	-556.687500
1	-552.187500	-2048.000000	-556.687500
1	-552.187500	-2048.000000	-556.687500
1	-552.187500	-2048.000000	-556.687500
1	-552.187500	-2048.000000	-556.687500
1	-552.187500	-2048.000000	-556.687500
1	-552.187500	-2048.000000	-556.687500
1	-552.187500	-2048.000000	-556.687500
1	-552.187500	-2048.000000	-556.687500
1	-552.187500	-2048.000000	-556.687500
1	-552.187500	-2048.000000	-556.687500
