1	-156.937500	-2048.000000	-327.937500
1	-156.937500	-2048.000000	-327.937500
1	-156.937500	-2048.000000	-327.937500
1	-156.937500	-2048.000000	-327.937500
1	-156.937500	-2048.000000	-327.937500
1	-156.937500	-2048.000000	-327.937500
1	-156.937500	-2048.000000	-327.937500
1	-156.937500	-2048.000000	-327.937500
1	-156.937500	-2048.000000	-327.937500
1	-156.937500	-2048.000000	-327.937500
1	-156.937500	-2048.000000	-327.937500
1	-156.937500	-2048.000000	-327.937500
1	-156.937500	-2048.000000	-327.937500
1	-156.937500	-2048.000000	-327.937500
1	-156.937500	-2048.000000	-327.937500
1	-156.937500	-2048.000000	-327.937500
1	-156.937500	-2048.000000	-327.937500
1	-156.937500	-2048.000000	-327.937500
1	-156.937500	-2048.000000	-327.937500
1	-156.937500	-2048.000000	-327.937500
1	-156.937500	-2048.000000	-327.937500
1	-156.937500	-2048.000000	-327.937500
1	-156.937500	-2048.000000	-327.937500
1	-156.937500	-2048.000000	-327.937500
1	-156.937500	-2048.000000	-327.937500
1	-156.937500	-2048.000000	-327.937500
1	-156.937500	-2048.000000	-327.937500
1	-156.937500	-2048.000000	-327.937500
1	-156.937500	-2048.000000	-327.937500
1	-158.812500	-2048.000000	-327.937500
1	-158.812500	-2048.000000	-327.937500
1	-158.812500	-2048.000000	-327.937500
1	-158.812500	-2048.000000	-327.937500
1	-158.812500	-2048.000000	-327.937500
1	-158.812500	-2048.000000	-327.937500
1	-158.812500	-2048.000000	-327.937500
1	-158.812500	-2048.000000	-327.937500
1	-158.812500	-2048.000000	-327.937500
1	-158.812500	-2048.000000	-327.937500
1	-158.812500	-2048.000000	-327.937500
1	-158.812500	-2048.000000	-327.937500
1	-158.812500	-2048.000000	-327.937500
1	-158.812500	-2048.000000	-327.937500
1	-158.812500	-2048.000000	-327.937500
1	-158.812500	-2048.000000	-327.937500
1	-158.812500	-2048.000000	-327.937500
1	-158.812500	-2048.000000	-327.937500
1	-158.812500	-2048.000000	-327.937500
1	-158.812500	-2048.000000	-327.937500
1	-158.812500	-2048.000000	-327.937500
1	-158.812500	-2048.000000	-327.937500
1	-158.812500	-2048.000000	-327.937500
1	-158.812500	-2048.000000	-327.937500
1	-158.812500	-2048.000000	-327.937500
1	-158.812500	-2048.000000	-327.937500
1	-158.812500	-2048.000000	-327.937500
1	-158.812500	-2048.000000	-327.937500
1	-158.812500	-2048.000000	-327.937500
1	-158.812500	-2048.000000	-327.937500
1	-159.500000	-2048.000000	-327.562500
1	-159.500000	-2048.000000	-327.562500
1	-159.500000	-2048.000000	-327.562500
1	-159.500000	-2048.000000	-327.562500
1	-159.500000	-2048.000000	-327.562500
1	-159.500000	-2048.000000	-327.562500
1	-159.500000	-2048.000000	-327.562500
1	-159.500000	-2048.000000	-327.562500
1	-159.500000	-2048.000000	-327.562500
1	-159.500000	-2048.000000	-327.562500
1	-159.500000	-2048.000000	-327.562500
1	-159.500000	-2048.000000	-327.562500
1	-159.500000	-2048.000000	-327.562500
1	-159.500000	-2048.000000	-327.562500
1	-159.500000	-2048.000000	-327.562500
1	-159.500000	-2048.000000	-327.562500
1	-159.500000	-2048.000000	-327.562500
1	-159.500000	-2048.000000	-327.562500
1	-159.500000	-2048.000000	-327.562500
1	-159.500000	-2048.000000	-327.562500
1	-159.500000	-2048.000000	-327.562500
1	-159.500000	-2048.000000	-327.562500
1	-159.500000	-2048.000000	-327.562500
1	-159.500000	-2048.000000	-327.562500
1	-159.500000	-2048.000000	-327.562500
1	-159.500000	-2048.000000	-327.562500
1	-159.500000	-2048.000000	-327.562500
1	-159.500000	-2048.000000	-327.562500
1	-159.500000	-2048.000000	-327.562500
1	-159.500000	-2048.000000	-327.562500
1	-159.500000	-2048.000000	-327.562500
1	-158.812500	-2048.000000	-329.187500
1	-158.812500	-2048.000000	-329.187500
1	-158.812500	-2048.000000	-329.187500
1	-158.812500	-2048.000000	-329.187500
1	-158.812500	-2048.000000	-329.187500
1	-158.812500	-2048.000000	-329.187500
1	-158.812500	-2048.000000	-329.187500
1	-158.812500	-2048.000000	-329.187500
1	-158.812500	-2048.000000	-329.187500
1	-158.812500	-2048.000000	-329.187500
1	-158.812500	-2048.000000	-329.187500
1	-158.812500	-2048.000000	-329.187500
1	-158.812500	-2048.000000	-329.187500
1	-158.812500	-2048.000000	-329.187500
1	-158.812500	-2048.000000	-329.187500
1	-158.812500	-2048.000000	-329.187500
1	-158.812500	-2048.000000	-329.187500
1	-158.812500	-2048.000000	-329.187500
1	-158.812500	-2048.000000	-329.187500
1	-158.812500	-2048.000000	-329.187500
1	-158.812500	-2048.000000	-329.187500
1	-158.812500	-2048.000000	-329.187500
1	-158.812500	-2048.000000	-329.187500
1	-158.812500	-2048.000000	-329.187500
1	-158.812500	-2048.000000	-329.187500
1	-158.812500	-2048.000000	-329.187500
1	-158.812500	-2048.000000	-329.187500
1	-158.812500	-2048.000000	-329.187500
1	-158.812500	-2048.000000	-329.187500
1	-158.812500	-2048.000000	-329.187500
1	-158.812500	-2048.000000	-329.187500
1	-158.437500	-2048.000000	-328.437500
1	-158.437500	-2048.000000	-328.437500
1	-158.437500	-2048.000000	-328.437500
1	-158.437500	-2048.000000	-328.437500
1	-158.437500	-2048.000000	-328.437500
1	-158.437500	-2048.000000	-328.437500
1	-158.437500	-2048.000000	-328.437500
1	-158.437500	-2048.000000	-328.437500
1	-158.437500	-2048.000000	-328.437500
1	-158.437500	-2048.000000	-328.437500
1	-158.437500	-2048.000000	-328.437500
1	-158.437500	-2048.000000	-328.437500
1	-158.437500	-2048.000000	-328.437500
1	-158.437500	-2048.000000	-328.437500
1	-158.437500	-2048.000000	-328.437500
1	-158.437500	-2048.000000	-328.437500
1	-158.437500	-2048.000000	-328.437500
1	-158.437500	-2048.000000	-328.437500
1	-158.437500	-2048.000000	-328.437500
1	-158.437500	-2048.000000	-328.437500
1	-158.437500	-2048.000000	-328.437500
1	-158.437500	-2048.000000	-328.437500
1	-158.437500	-2048.000000	-328.437500
1	-158.437500	-2048.000000	-328.437500
1	-158.437500	-2048.000000	-328.437500
1	-158.437500	-2048.000000	-328.437500
1	-158.437500	-2048.000000	-328.437500
1	-158.437500	-2048.000000	-328.437500
1	-158.437500	-2048.000000	-328.437500
1	-158.437500	-2048.000000	-328.437500
1	-158.437500	-2048.000000	-328.437500
1	-159.500000	-2048.000000	-327.937500
1	-159.500000	-2048.000000	-327.937500
1	-159.500000	-2048.000000	-327.937500
1	-159.500000	-2048.000000	-327.937500
1	-159.500000	-2048.000000	-327.937500
1	-159.500000	-2048.000000	-327.937500
1	-159.500000	-2048.000000	-327.937500
1	-159.500000	-2048.000000	-327.937500
1	-159.500000	-2048.000000	-327.937500
1	-159.500000	-2048.000000	-327.937500
1	-159.500000	-2048.000000	-327.937500
1	-159.500000	-2048.000000	-327.937500
1	-159.500000	-2048.000000	-327.937500
1	-159.500000	-2048.000000	-327.937500
1	-159.500000	-2048.000000	-327.937500
1	-159.500000	-2048.000000	-327.937500
1	-159.500000	-2048.000000	-327.937500
1	-159.500000	-2048.000000	-327.937500
1	-159.500000	-2048.000000	-327.937500
1	-159.500000	-2048.000000	-327.937500
1	-159.500000	-2048.000000	-327.937500
1	-159.500000	-2048.000000	-327.937500
1	-159.500000	-2048.000000	-327.937500
1	-159.500000	-2048.000000	-327.937500
1	-159.500000	-2048.000000	-327.937500
1	-159.500000	-2048.000000	-327.937500
1	-159.500000	-2048.000000	-327.937500
1	-159.500000	-2048.000000	-327.937500
1	-159.500000	-2048.000000	-327.937500
1	-159.500000	-2048.000000	-327.937500
1	-160.250000	-2048.000000	-326.062500
1	-160.250000	-2048.000000	-326.062500
1	-160.250000	-2048.000000	-326.062500
1	-160.250000	-2048.000000	-326.062500
1	-160.250000	-2048.000000	-326.062500
1	-160.250000	-2048.000000	-326.062500
1	-160.250000	-2048.000000	-326.062500
1	-160.250000	-2048.000000	-326.062500
1	-160.250000	-2048.000000	-326.062500
1	-160.250000	-2048.000000	-326.062500
1	-160.250000	-2048.000000	-326.062500
1	-160.250000	-2048.000000	-326.062500
1	-160.250000	-2048.000000	-326.062500
1	-160.250000	-2048.000000	-326.062500
1	-160.250000	-2048.000000	-326.062500
1	-160.250000	-2048.000000	-326.062500
1	-160.250000	-2048.000000	-326.062500
1	-160.250000	-2048.000000	-326.062500
1	-160.250000	-2048.000000	-326.062500
1	-160.250000	-2048.000000	-326.062500
1	-160.250000	-2048.000000	-326.062500
1	-160.250000	-2048.000000	-326.062500
1	-160.250000	-2048.000000	-326.062500
1	-160.250000	-2048.000000	-326.062500
1	-160.250000	-2048.000000	-326.062500
1	-160.250000	-2048.000000	-326.062500
1	-160.250000	-2048.000000	-326.062500
1	-160.250000	-2048.000000	-326.062500
1	-160.250000	-2048.000000	-326.062500
1	-160.250000	-2048.000000	-326.062500
1	-161.375000	-2048.000000	-327.625000
1	-161.375000	-2048.000000	-327.625000
1	-161.375000	-2048.000000	-327.625000
1	-161.375000	-2048.000000	-327.625000
1	-161.375000	-2048.000000	-327.625000
1	-161.375000	-2048.000000	-327.625000
1	-161.375000	-2048.000000	-327.625000
1	-161.375000	-2048.000000	-327.625000
1	-161.375000	-2048.000000	-327.625000
1	-161.375000	-2048.000000	-327.625000
1	-161.375000	-2048.000000	-327.625000
1	-161.375000	-2048.000000	-327.625000
1	-161.375000	-2048.000000	-327.625000
1	-161.375000	-2048.000000	-327.625000
1	-161.375000	-2048.000000	-327.625000
1	-161.375000	-2048.000000	-327.625000
1	-161.375000	-2048.000000	-327.625000
1	-161.375000	-2048.000000	-327.625000
1	-161.375000	-2048.000000	-327.625000
1	-161.375000	-2048.000000	-327.625000
1	-161.375000	-2048.000000	-327.625000
1	-161.375000	-2048.000000	-327.625000
1	-161.375000	-2048.000000	-327.625000
1	-161.375000	-2048.000000	-327.625000
1	-161.375000	-2048.000000	-327.625000
1	-161.375000	-2048.000000	-327.625000
1	-161.375000	-2048.000000	-327.625000
1	-161.375000	-2048.000000	-327.625000
1	-161.375000	-2048.000000	-327.625000
1	-161.750000	-2048.000000	-326.812500
1	-161.750000	-2048.000000	-326.812500
1	-161.750000	-2048.000000	-326.812500
1	-161.750000	-2048.000000	-326.812500
1	-161.750000	-2048.000000	-326.812500
1	-161.750000	-2048.000000	-326.812500
1	-161.750000	-2048.000000	-326.812500
1	-161.750000	-2048.000000	-326.812500
1	-161.750000	-2048.000000	-326.812500
1	-161.750000	-2048.000000	-326.812500
1	-161.750000	-2048.000000	-326.812500
1	-161.750000	-2048.000000	-326.812500
1	-161.750000	-2048.000000	-326.812500
1	-161.750000	-2048.000000	-326.812500
1	-161.750000	-2048.000000	-326.812500
1	-161.750000	-2048.000000	-326.812500
1	-161.750000	-2048.000000	-326.812500
1	-161.750000	-2048.000000	-326.812500
1	-161.750000	-2048.000000	-326.812500
1	-161.750000	-2048.000000	-326.812500
1	-161.750000	-2048.000000	-326.812500
1	-161.750000	-2048.000000	-326.812500
1	-161.750000	-2048.000000	-326.812500
1	-161.750000	-2048.000000	-326.812500
1	-161.750000	-2048.000000	-326.812500
1	-161.750000	-2048.000000	-326.812500
1	-161.750000	-2048.000000	-326.812500
1	-161.750000	-2048.000000	-326.812500
1	-161.750000	-2048.000000	-326.812500
1	-161.750000	-2048.000000	-326.812500
1	-161.750000	-2048.000000	-326.812500
1	-159.500000	-2048.000000	-328.000000
1	-159.500000	-2048.000000	-328.000000
1	-159.500000	-2048.000000	-328.000000
1	-159.500000	-2048.000000	-328.000000
1	-159.500000	-2048.000000	-328.000000
1	-159.500000	-2048.000000	-328.000000
1	-159.500000	-2048.000000	-328.000000
1	-159.500000	-2048.000000	-328.000000
1	-159.500000	-2048.000000	-328.000000
1	-159.500000	-2048.000000	-328.000000
1	-159.500000	-2048.000000	-328.000000
1	-159.500000	-2048.000000	-328.000000
1	-159.500000	-2048.000000	-328.000000
1	-159.500000	-2048.000000	-328.000000
1	-159.500000	-2048.000000	-328.000000
1	-159.500000	-2048.000000	-328.000000
1	-159.500000	-2048.000000	-328.000000
1	-159.500000	-2048.000000	-328.000000
1	-159.500000	-2048.000000	-328.000000
1	-159.500000	-2048.000000	-328.000000
1	-159.500000	-2048.000000	-328.000000
1	-159.500000	-2048.000000	-328.000000
1	-159.500000	-2048.000000	-328.000000
1	-159.500000	-2048.000000	-328.000000
1	-159.500000	-2048.000000	-328.000000
1	-159.500000	-2048.000000	-328.000000
1	-159.500000	-2048.000000	-328.000000
1	-159.500000	-2048.000000	-328.000000
1	-159.500000	-2048.000000	-328.000000
1	-159.500000	-2048.000000	-328.000000
1	-160.625000	-2048.000000	-328.000000
1	-160.625000	-2048.000000	-328.000000
1	-160.625000	-2048.000000	-328.000000
1	-160.625000	-2048.000000	-328.000000
1	-160.625000	-2048.000000	-328.000000
1	-160.625000	-2048.000000	-328.000000
1	-160.625000	-2048.000000	-328.000000
1	-160.625000	-2048.000000	-328.000000
1	-160.625000	-2048.000000	-328.000000
1	-160.625000	-2048.000000	-328.000000
1	-160.625000	-2048.000000	-328.000000
1	-160.625000	-2048.000000	-328.000000
1	-160.625000	-2048.000000	-328.000000
1	-160.625000	-2048.000000	-328.000000
1	-160.625000	-2048.000000	-328.000000
1	-160.625000	-2048.000000	-328.000000
1	-160.625000	-2048.000000	-328.000000
1	-160.625000	-2048.000000	-328.000000
1	-160.625000	-2048.000000	-328.000000
1	-160.625000	-2048.000000	-328.000000
1	-160.625000	-2048.000000	-328.000000
1	-160.625000	-2048.000000	-328.000000
1	-160.625000	-2048.000000	-328.000000
1	-160.625000	-2048.000000	-328.000000
1	-160.625000	-2048.000000	-328.000000
1	-160.625000	-2048.000000	-328.000000
1	-160.625000	-2048.000000	-328.000000
1	-160.625000	-2048.000000	-328.000000
1	-160.625000	-2048.000000	-328.000000
1	-160.625000	-2048.000000	-328.000000
1	-158.812500	-2048.000000	-326.875000
1	-158.812500	-2048.000000	-326.875000
1	-158.812500	-2048.000000	-326.875000
1	-158.812500	-2048.000000	-326.875000
1	-158.812500	-2048.000000	-326.875000
1	-158.812500	-2048.000000	-326.875000
1	-158.812500	-2048.000000	-326.875000
1	-158.812500	-2048.000000	-326.875000
1	-158.812500	-2048.000000	-326.875000
1	-158.812500	-2048.000000	-326.875000
1	-158.812500	-2048.000000	-326.875000
1	-158.812500	-2048.000000	-326.875000
1	-158.812500	-2048.000000	-326.875000
1	-158.812500	-2048.000000	-326.875000
1	-158.812500	-2048.000000	-326.875000
1	-158.812500	-2048.000000	-326.875000
1	-158.812500	-2048.000000	-326.875000
1	-158.812500	-2048.000000	-326.875000
1	-158.812500	-2048.000000	-326.875000
1	-158.812500	-2048.000000	-326.875000
1	-158.812500	-2048.000000	-326.875000
1	-158.812500	-2048.000000	-326.875000
1	-158.812500	-2048.000000	-326.875000
1	-158.812500	-2048.000000	-326.875000
1	-158.812500	-2048.000000	-326.875000
1	-158.812500	-2048.000000	-326.875000
1	-158.812500	-2048.000000	-326.875000
1	-158.812500	-2048.000000	-326.875000
1	-158.812500	-2048.000000	-326.875000
1	-158.812500	-2048.000000	-326.875000
1	-160.250000	-2048.000000	-326.437500
1	-160.250000	-2048.000000	-326.437500
1	-160.250000	-2048.000000	-326.437500
1	-160.250000	-2048.000000	-326.437500
1	-160.250000	-2048.000000	-326.437500
1	-160.250000	-2048.000000	-326.437500
1	-160.250000	-2048.000000	-326.437500
1	-160.250000	-2048.000000	-326.437500
1	-160.250000	-2048.000000	-326.437500
1	-160.250000	-2048.000000	-326.437500
1	-160.250000	-2048.000000	-326.437500
1	-160.250000	-2048.000000	-326.437500
1	-160.250000	-2048.000000	-326.437500
1	-160.250000	-2048.000000	-326.437500
1	-160.250000	-2048.000000	-326.437500
1	-160.250000	-2048.000000	-326.437500
1	-160.250000	-2048.000000	-326.437500
1	-160.250000	-2048.000000	-326.437500
1	-160.250000	-2048.000000	-326.437500
1	-160.250000	-2048.000000	-326.437500
1	-160.250000	-2048.000000	-326.437500
1	-160.250000	-2048.000000	-326.437500
1	-160.250000	-2048.000000	-326.437500
1	-160.250000	-2048.000000	-326.437500
1	-160.250000	-2048.000000	-326.437500
1	-160.250000	-2048.000000	-326.437500
1	-160.250000	-2048.000000	-326.437500
1	-160.250000	-2048.000000	-326.437500
1	-160.250000	-2048.000000	-326.437500
1	-160.250000	-2048.000000	-326.437500
1	-160.250000	-2048.000000	-326.437500
1	-159.187500	-2048.000000	-327.312500
1	-159.187500	-2048.000000	-327.312500
1	-159.187500	-2048.000000	-327.312500
1	-159.187500	-2048.000000	-327.312500
1	-159.187500	-2048.000000	-327.312500
1	-159.187500	-2048.000000	-327.312500
1	-159.187500	-2048.000000	-327.312500
1	-159.187500	-2048.000000	-327.312500
1	-159.187500	-2048.000000	-327.312500
1	-159.187500	-2048.000000	-327.312500
1	-159.187500	-2048.000000	-327.312500
1	-159.187500	-2048.000000	-327.312500
1	-159.187500	-2048.000000	-327.312500
1	-159.187500	-2048.000000	-327.312500
1	-159.187500	-2048.000000	-327.312500
1	-159.187500	-2048.000000	-327.312500
1	-159.187500	-2048.000000	-327.312500
1	-159.187500	-2048.000000	-327.312500
1	-159.187500	-2048.000000	-327.312500
1	-159.187500	-2048.000000	-327.312500
1	-159.187500	-2048.000000	-327.312500
1	-159.187500	-2048.000000	-327.312500
1	-159.187500	-2048.000000	-327.312500
1	-159.187500	-2048.000000	-327.312500
1	-159.187500	-2048.000000	-327.312500
1	-159.187500	-2048.000000	-327.312500
1	-159.187500	-2048.000000	-327.312500
1	-159.187500	-2048.000000	-327.312500
1	-159.187500	-2048.000000	-327.312500
1	-159.187500	-2048.000000	-327.312500
1	-159.562500	-2048.000000	-327.687500
1	-159.562500	-2048.000000	-327.687500
1	-159.562500	-2048.000000	-327.687500
1	-159.562500	-2048.000000	-327.687500
1	-159.562500	-2048.000000	-327.687500
1	-159.562500	-2048.000000	-327.687500
1	-159.562500	-2048.000000	-327.687500
1	-159.562500	-2048.000000	-327.687500
1	-159.562500	-2048.000000	-327.687500
1	-159.562500	-2048.000000	-327.687500
1	-159.562500	-2048.000000	-327.687500
1	-159.562500	-2048.000000	-327.687500
1	-159.562500	-2048.000000	-327.687500
1	-159.562500	-2048.000000	-327.687500
1	-159.562500	-2048.000000	-327.687500
1	-159.562500	-2048.000000	-327.687500
1	-159.562500	-2048.000000	-327.687500
1	-159.562500	-2048.000000	-327.687500
1	-159.562500	-2048.000000	-327.687500
1	-159.562500	-2048.000000	-327.687500
1	-159.562500	-2048.000000	-327.687500
1	-159.562500	-2048.000000	-327.687500
1	-159.562500	-2048.000000	-327.687500
1	-159.562500	-2048.000000	-327.687500
1	-159.562500	-2048.000000	-327.687500
1	-159.562500	-2048.000000	-327.687500
1	-159.562500	-2048.000000	-327.687500
1	-159.562500	-2048.000000	-327.687500
1	-159.562500	-2048.000000	-327.687500
1	-159.562500	-2048.000000	-327.687500
1	-159.562500	-2048.000000	-327.687500
1	-159.875000	-2048.000000	-327.312500
1	-159.875000	-2048.000000	-327.312500
1	-159.875000	-2048.000000	-327.312500
1	-159.875000	-2048.000000	-327.312500
1	-159.875000	-2048.000000	-327.312500
1	-159.875000	-2048.000000	-327.312500
1	-159.875000	-2048.000000	-327.312500
1	-159.875000	-2048.000000	-327.312500
1	-159.875000	-2048.000000	-327.312500
1	-159.875000	-2048.000000	-327.312500
1	-159.875000	-2048.000000	-327.312500
1	-159.875000	-2048.000000	-327.312500
1	-159.875000	-2048.000000	-327.312500
1	-159.875000	-2048.000000	-327.312500
1	-159.875000	-2048.000000	-327.312500
1	-159.875000	-2048.000000	-327.312500
1	-159.875000	-2048.000000	-327.312500
1	-159.875000	-2048.000000	-327.312500
1	-159.875000	-2048.000000	-327.312500
1	-159.875000	-2048.000000	-327.312500
1	-159.875000	-2048.000000	-327.312500
1	-159.875000	-2048.000000	-327.312500
1	-159.875000	-2048.000000	-327.312500
1	-159.875000	-2048.000000	-327.312500
1	-159.875000	-2048.000000	-327.312500
1	-159.875000	-2048.000000	-327.312500
1	-159.875000	-2048.000000	-327.312500
1	-159.875000	-2048.000000	-327.312500
1	-159.875000	-2048.000000	-327.312500
1	-159.875000	-2048.000000	-327.312500
1	-159.875000	-2048.000000	-327.312500
1	-157.312500	-2048.000000	-327.687500
1	-157.312500	-2048.000000	-327.687500
1	-157.312500	-2048.000000	-327.687500
1	-157.312500	-2048.000000	-327.687500
1	-157.312500	-2048.000000	-327.687500
1	-157.312500	-2048.000000	-327.687500
1	-157.312500	-2048.000000	-327.687500
1	-157.312500	-2048.000000	-327.687500
1	-157.312500	-2048.000000	-327.687500
1	-157.312500	-2048.000000	-327.687500
1	-157.312500	-2048.000000	-327.687500
1	-157.312500	-2048.000000	-327.687500
1	-157.312500	-2048.000000	-327.687500
1	-157.312500	-2048.000000	-327.687500
1	-157.312500	-2048.000000	-327.687500
1	-157.312500	-2048.000000	-327.687500
1	-157.312500	-2048.000000	-327.687500
1	-157.312500	-2048.000000	-327.687500
1	-157.312500	-2048.000000	-327.687500
1	-157.312500	-2048.000000	-327.687500
1	-157.312500	-2048.000000	-327.687500
1	-157.312500	-2048.000000	-327.687500
1	-157.312500	-2048.000000	-327.687500
1	-157.312500	-2048.000000	-327.687500
1	-157.312500	-2048.000000	-327.687500
1	-157.312500	-2048.000000	-327.687500
1	-157.312500	-2048.000000	-327.687500
1	-157.312500	-2048.000000	-327.687500
1	-157.312500	-2048.000000	-327.687500
1	-157.312500	-2048.000000	-327.687500
1	-158.062500	-2048.000000	-326.875000
1	-158.062500	-2048.000000	-326.875000
1	-158.062500	-2048.000000	-326.875000
1	-158.062500	-2048.000000	-326.875000
1	-158.062500	-2048.000000	-326.875000
1	-158.062500	-2048.000000	-326.875000
1	-158.062500	-2048.000000	-326.875000
1	-158.062500	-2048.000000	-326.875000
1	-158.062500	-2048.000000	-326.875000
1	-158.062500	-2048.000000	-326.875000
1	-158.062500	-2048.000000	-326.875000
1	-158.062500	-2048.000000	-326.875000
1	-158.062500	-2048.000000	-326.875000
1	-158.062500	-2048.000000	-326.875000
1	-158.062500	-2048.000000	-326.875000
1	-158.062500	-2048.000000	-326.875000
1	-158.062500	-2048.000000	-326.875000
1	-158.062500	-2048.000000	-326.875000
1	-158.062500	-2048.000000	-326.875000
1	-158.062500	-2048.000000	-326.875000
1	-158.062500	-2048.000000	-326.875000
1	-158.062500	-2048.000000	-326.875000
1	-158.062500	-2048.000000	-326.875000
1	-158.062500	-2048.000000	-326.875000
1	-158.062500	-2048.000000	-326.875000
1	-158.062500	-2048.000000	-326.875000
1	-158.062500	-2048.000000	-326.875000
1	-158.062500	-2048.000000	-326.875000
1	-158.062500	-2048.000000	-326.875000
1	-158.062500	-2048.000000	-326.875000
1	-158.062500	-2048.000000	-326.875000
1	-157.687500	-2048.000000	-327.312500
1	-157.687500	-2048.000000	-327.312500
1	-157.687500	-2048.000000	-327.312500
1	-157.687500	-2048.000000	-327.312500
1	-157.687500	-2048.000000	-327.312500
1	-157.687500	-2048.000000	-327.312500
1	-157.687500	-2048.000000	-327.312500
1	-157.687500	-2048.000000	-327.312500
1	-157.687500	-2048.000000	-327.312500
1	-157.687500	-2048.000000	-327.312500
1	-157.687500	-2048.000000	-327.312500
1	-157.687500	-2048.000000	-327.312500
1	-157.687500	-2048.000000	-327.312500
1	-157.687500	-2048.000000	-327.312500
1	-157.687500	-2048.000000	-327.312500
1	-157.687500	-2048.000000	-327.312500
1	-157.687500	-2048.000000	-327.312500
1	-157.687500	-2048.000000	-327.312500
1	-157.687500	-2048.000000	-327.312500
1	-157.687500	-2048.000000	-327.312500
1	-157.687500	-2048.000000	-327.312500
1	-157.687500	-2048.000000	-327.312500
1	-157.687500	-2048.000000	-327.312500
1	-157.687500	-2048.000000	-327.312500
1	-157.687500	-2048.000000	-327.312500
1	-157.687500	-2048.000000	-327.312500
1	-157.687500	-2048.000000	-327.312500
1	-157.687500	-2048.000000	-327.312500
1	-157.687500	-2048.000000	-327.312500
1	-157.687500	-2048.000000	-327.312500
1	-158.437500	-2048.000000	-328.187500
1	-158.437500	-2048.000000	-328.187500
1	-158.437500	-2048.000000	-328.187500
1	-158.437500	-2048.000000	-328.187500
1	-158.437500	-2048.000000	-328.187500
1	-158.437500	-2048.000000	-328.187500
1	-158.437500	-2048.000000	-328.187500
1	-158.437500	-2048.000000	-328.187500
1	-158.437500	-2048.000000	-328.187500
1	-158.437500	-2048.000000	-328.187500
1	-158.437500	-2048.000000	-328.187500
1	-158.437500	-2048.000000	-328.187500
1	-158.437500	-2048.000000	-328.187500
1	-158.437500	-2048.000000	-328.187500
1	-158.437500	-2048.000000	-328.187500
1	-158.437500	-2048.000000	-328.187500
1	-158.437500	-2048.000000	-328.187500
1	-158.437500	-2048.000000	-328.187500
1	-158.437500	-2048.000000	-328.187500
1	-158.437500	-2048.000000	-328.187500
1	-158.437500	-2048.000000	-328.187500
1	-158.437500	-2048.000000	-328.187500
1	-158.437500	-2048.000000	-328.187500
1	-158.437500	-2048.000000	-328.187500
1	-158.437500	-2048.000000	-328.187500
1	-158.437500	-2048.000000	-328.187500
1	-158.437500	-2048.000000	-328.187500
1	-158.437500	-2048.000000	-328.187500
1	-158.437500	-2048.000000	-328.187500
1	-158.437500	-2048.000000	-328.187500
1	-156.937500	-2048.000000	-327.312500
1	-156.937500	-2048.000000	-327.312500
1	-156.937500	-2048.000000	-327.312500
1	-156.937500	-2048.000000	-327.312500
1	-156.937500	-2048.000000	-327.312500
1	-156.937500	-2048.000000	-327.312500
1	-156.937500	-2048.000000	-327.312500
1	-156.937500	-2048.000000	-327.312500
1	-156.937500	-2048.000000	-327.312500
1	-156.937500	-2048.000000	-327.312500
1	-156.937500	-2048.000000	-327.312500
1	-156.937500	-2048.000000	-327.312500
1	-156.937500	-2048.000000	-327.312500
1	-156.937500	-2048.000000	-327.312500
1	-156.937500	-2048.000000	-327.312500
1	-156.937500	-2048.000000	-327.312500
1	-156.937500	-2048.000000	-327.312500
1	-156.937500	-2048.000000	-327.312500
1	-156.937500	-2048.000000	-327.312500
1	-156.937500	-2048.000000	-327.312500
1	-156.937500	-2048.000000	-327.312500
1	-156.937500	-2048.000000	-327.312500
1	-156.937500	-2048.000000	-327.312500
1	-156.937500	-2048.000000	-327.312500
1	-156.937500	-2048.000000	-327.312500
1	-159.187500	-2048.000000	-326.875000
1	-159.187500	-2048.000000	-326.875000
1	-159.187500	-2048.000000	-326.875000
1	-159.187500	-2048.000000	-326.875000
1	-159.187500	-2048.000000	-326.875000
1	-159.187500	-2048.000000	-326.875000
1	-159.187500	-2048.000000	-326.875000
1	-159.187500	-2048.000000	-326.875000
1	-159.187500	-2048.000000	-326.875000
1	-159.187500	-2048.000000	-326.875000
1	-159.187500	-2048.000000	-326.875000
1	-159.187500	-2048.000000	-326.875000
1	-159.187500	-2048.000000	-326.875000
1	-159.187500	-2048.000000	-326.875000
1	-159.187500	-2048.000000	-326.875000
1	-159.187500	-2048.000000	-326.875000
1	-158.437500	-2048.000000	-327.312500
1	-158.437500	-2048.000000	-327.312500
1	-158.437500	-2048.000000	-327.312500
1	-158.437500	-2048.000000	-327.312500
1	-158.437500	-2048.000000	-327.312500
1	-158.437500	-2048.000000	-327.312500
1	-158.437500	-2048.000000	-327.312500
1	-158.437500	-2048.000000	-327.312500
1	-158.437500	-2048.000000	-327.312500
1	-158.437500	-2048.000000	-327.312500
1	-158.437500	-2048.000000	-327.312500
1	-158.437500	-2048.000000	-327.312500
1	-158.437500	-2048.000000	-327.312500
1	-158.437500	-2048.000000	-327.312500
1	-158.437500	-2048.000000	-327.312500
1	-158.437500	-2048.000000	-327.312500
1	-158.437500	-2048.000000	-327.312500
1	-158.437500	-2048.000000	-327.312500
1	-158.437500	-2048.000000	-327.312500
1	-158.437500	-2048.000000	-327.312500
1	-158.437500	-2048.000000	-327.312500
1	-158.437500	-2048.000000	-327.312500
1	-158.437500	-2048.000000	-327.312500
1	-158.437500	-2048.000000	-327.312500
1	-158.437500	-2048.000000	-327.312500
1	-158.437500	-2048.000000	-327.312500
1	-158.437500	-2048.000000	-327.312500
1	-158.437500	-2048.000000	-327.312500
1	-158.437500	-2048.000000	-327.312500
1	-158.437500	-2048.000000	-327.312500
1	-158.437500	-2048.000000	-327.312500
1	-156.562500	-2048.000000	-327.312500
1	-156.562500	-2048.000000	-327.312500
1	-156.562500	-2048.000000	-327.312500
1	-156.562500	-2048.000000	-327.312500
1	-156.562500	-2048.000000	-327.312500
1	-156.562500	-2048.000000	-327.312500
1	-156.562500	-2048.000000	-327.312500
1	-156.562500	-2048.000000	-327.312500
1	-156.562500	-2048.000000	-327.312500
1	-156.562500	-2048.000000	-327.312500
1	-156.562500	-2048.000000	-327.312500
1	-156.562500	-2048.000000	-327.312500
1	-156.562500	-2048.000000	-327.312500
1	-156.562500	-2048.000000	-327.312500
1	-156.562500	-2048.000000	-327.312500
1	-156.562500	-2048.000000	-327.312500
1	-156.562500	-2048.000000	-327.312500
1	-156.562500	-2048.000000	-327.312500
1	-156.562500	-2048.000000	-327.312500
1	-156.562500	-2048.000000	-327.312500
1	-156.562500	-2048.000000	-327.312500
1	-156.562500	-2048.000000	-327.312500
1	-156.562500	-2048.000000	-327.312500
1	-156.562500	-2048.000000	-327.312500
1	-156.562500	-2048.000000	-327.312500
1	-156.562500	-2048.000000	-327.312500
1	-156.562500	-2048.000000	-327.312500
1	-156.562500	-2048.000000	-327.312500
1	-156.562500	-2048.000000	-327.312500
1	-156.562500	-2048.000000	-327.312500
1	-157.687500	-2048.000000	-327.375000
1	-157.687500	-2048.000000	-327.375000
1	-157.687500	-2048.000000	-327.375000
1	-157.687500	-2048.000000	-327.375000
1	-157.687500	-2048.000000	-327.375000
1	-157.687500	-2048.000000	-327.375000
1	-157.687500	-2048.000000	-327.375000
1	-157.687500	-2048.000000	-327.375000
1	-157.687500	-2048.000000	-327.375000
1	-157.687500	-2048.000000	-327.375000
1	-157.687500	-2048.000000	-327.375000
1	-157.687500	-2048.000000	-327.375000
1	-157.687500	-2048.000000	-327.375000
1	-157.687500	-2048.000000	-327.375000
1	-157.687500	-2048.000000	-327.375000
1	-157.687500	-2048.000000	-327.375000
1	-157.687500	-2048.000000	-327.375000
1	-157.687500	-2048.000000	-327.375000
1	-157.687500	-2048.000000	-327.375000
1	-157.687500	-2048.000000	-327.375000
1	-157.687500	-2048.000000	-327.375000
1	-157.687500	-2048.000000	-327.375000
1	-157.687500	-2048.000000	-327.375000
1	-157.687500	-2048.000000	-327.375000
1	-157.687500	-2048.000000	-327.375000
1	-157.687500	-2048.000000	-327.375000
1	-157.687500	-2048.000000	-327.375000
1	-157.687500	-2048.000000	-327.375000
1	-157.687500	-2048.000000	-327.375000
1	-157.687500	-2048.000000	-327.375000
1	-157.687500	-2048.000000	-327.375000
1	-158.062500	-2048.000000	-326.125000
1	-158.062500	-2048.000000	-326.125000
1	-158.062500	-2048.000000	-326.125000
1	-158.062500	-2048.000000	-326.125000
1	-158.062500	-2048.000000	-326.125000
1	-158.062500	-2048.000000	-326.125000
1	-158.062500	-2048.000000	-326.125000
1	-158.062500	-2048.000000	-326.125000
1	-158.062500	-2048.000000	-326.125000
1	-158.062500	-2048.000000	-326.125000
1	-158.062500	-2048.000000	-326.125000
1	-158.062500	-2048.000000	-326.125000
1	-158.062500	-2048.000000	-326.125000
1	-158.062500	-2048.000000	-326.125000
1	-158.062500	-2048.000000	-326.125000
1	-158.062500	-2048.000000	-326.125000
1	-158.062500	-2048.000000	-326.125000
1	-158.062500	-2048.000000	-326.125000
1	-158.062500	-2048.000000	-326.125000
1	-158.062500	-2048.000000	-326.125000
1	-158.062500	-2048.000000	-326.125000
1	-158.062500	-2048.000000	-326.125000
1	-158.062500	-2048.000000	-326.125000
1	-158.062500	-2048.000000	-326.125000
1	-158.062500	-2048.000000	-326.125000
1	-158.062500	-2048.000000	-326.125000
1	-158.062500	-2048.000000	-326.125000
1	-158.062500	-2048.000000	-326.125000
1	-158.062500	-2048.000000	-326.125000
1	-158.062500	-2048.000000	-326.125000
1	-156.937500	-2048.000000	-326.562500
1	-156.937500	-2048.000000	-326.562500
1	-156.937500	-2048.000000	-326.562500
1	-156.937500	-2048.000000	-326.562500
1	-156.937500	-2048.000000	-326.562500
1	-156.937500	-2048.000000	-326.562500
1	-156.937500	-2048.000000	-326.562500
1	-156.937500	-2048.000000	-326.562500
1	-156.937500	-2048.000000	-326.562500
1	-156.937500	-2048.000000	-326.562500
1	-156.937500	-2048.000000	-326.562500
1	-156.937500	-2048.000000	-326.562500
1	-156.937500	-2048.000000	-326.562500
1	-156.937500	-2048.000000	-326.562500
1	-156.937500	-2048.000000	-326.562500
1	-156.937500	-2048.000000	-326.562500
1	-156.937500	-2048.000000	-326.562500
1	-156.937500	-2048.000000	-326.562500
1	-156.937500	-2048.000000	-326.562500
1	-156.937500	-2048.000000	-326.562500
1	-156.937500	-2048.000000	-326.562500
1	-156.937500	-2048.000000	-326.562500
1	-156.937500	-2048.000000	-326.562500
1	-156.937500	-2048.000000	-326.562500
1	-156.937500	-2048.000000	-326.562500
1	-156.937500	-2048.000000	-326.562500
1	-156.937500	-2048.000000	-326.562500
1	-156.937500	-2048.000000	-326.562500
1	-156.937500	-2048.000000	-326.562500
1	-156.937500	-2048.000000	-326.562500
1	-156.937500	-2048.000000	-326.562500
1	-155.125000	-2048.000000	-327.437500
1	-155.125000	-2048.000000	-327.437500
1	-155.125000	-2048.000000	-327.437500
1	-155.125000	-2048.000000	-327.437500
1	-155.125000	-2048.000000	-327.437500
1	-155.125000	-2048.000000	-327.437500
1	-155.125000	-2048.000000	-327.437500
1	-155.125000	-2048.000000	-327.437500
1	-155.125000	-2048.000000	-327.437500
1	-155.125000	-2048.000000	-327.437500
1	-155.125000	-2048.000000	-327.437500
1	-155.125000	-2048.000000	-327.437500
1	-155.125000	-2048.000000	-327.437500
1	-155.125000	-2048.000000	-327.437500
1	-155.125000	-2048.000000	-327.437500
1	-155.125000	-2048.000000	-327.437500
1	-155.125000	-2048.000000	-327.437500
1	-155.125000	-2048.000000	-327.437500
1	-155.125000	-2048.000000	-327.437500
1	-155.125000	-2048.000000	-327.437500
1	-155.125000	-2048.000000	-327.437500
1	-155.125000	-2048.000000	-327.437500
1	-155.125000	-2048.000000	-327.437500
1	-155.125000	-2048.000000	-327.437500
1	-155.125000	-2048.000000	-327.437500
1	-155.125000	-2048.000000	-327.437500
1	-155.125000	-2048.000000	-327.437500
1	-155.125000	-2048.000000	-327.437500
1	-155.125000	-2048.000000	-327.437500
1	-155.125000	-2048.000000	-327.437500
1	-155.125000	-2048.000000	-327.437500
1	-156.562500	-2048.000000	-327.000000
1	-156.562500	-2048.000000	-327.000000
1	-156.562500	-2048.000000	-327.000000
1	-156.562500	-2048.000000	-327.000000
1	-156.562500	-2048.000000	-327.000000
1	-156.562500	-2048.000000	-327.000000
1	-156.562500	-2048.000000	-327.000000
1	-156.562500	-2048.000000	-327.000000
1	-156.562500	-2048.000000	-327.000000
1	-156.562500	-2048.000000	-327.000000
1	-156.562500	-2048.000000	-327.000000
1	-156.562500	-2048.000000	-327.000000
1	-156.562500	-2048.000000	-327.000000
1	-156.562500	-2048.000000	-327.000000
1	-156.562500	-2048.000000	-327.000000
1	-156.562500	-2048.000000	-327.000000
1	-156.562500	-2048.000000	-327.000000
1	-156.562500	-2048.000000	-327.000000
1	-156.562500	-2048.000000	-327.000000
1	-156.562500	-2048.000000	-327.000000
1	-156.562500	-2048.000000	-327.000000
1	-156.562500	-2048.000000	-327.000000
1	-156.562500	-2048.000000	-327.000000
1	-156.562500	-2048.000000	-327.000000
1	-156.562500	-2048.000000	-327.000000
1	-156.562500	-2048.000000	-327.000000
1	-156.562500	-2048.000000	-327.000000
1	-156.562500	-2048.000000	-327.000000
1	-156.562500	-2048.000000	-327.000000
1	-156.562500	-2048.000000	-327.000000
1	-156.937500	-2048.000000	-326.562500
1	-156.937500	-2048.000000	-326.562500
1	-156.937500	-2048.000000	-326.562500
1	-156.937500	-2048.000000	-326.562500
1	-156.937500	-2048.000000	-326.562500
1	-156.937500	-2048.000000	-326.562500
1	-156.937500	-2048.000000	-326.562500
1	-156.937500	-2048.000000	-326.562500
1	-156.937500	-2048.000000	-326.562500
1	-156.937500	-2048.000000	-326.562500
1	-156.937500	-2048.000000	-326.562500
1	-156.937500	-2048.000000	-326.562500
1	-156.937500	-2048.000000	-326.562500
1	-156.937500	-2048.000000	-326.562500
1	-156.937500	-2048.000000	-326.562500
1	-156.937500	-2048.000000	-326.562500
1	-156.937500	-2048.000000	-326.562500
1	-156.937500	-2048.000000	-326.562500
1	-156.937500	-2048.000000	-326.562500
1	-156.937500	-2048.000000	-326.562500
1	-156.937500	-2048.000000	-326.562500
1	-156.937500	-2048.000000	-326.562500
1	-156.937500	-2048.000000	-326.562500
1	-156.937500	-2048.000000	-326.562500
1	-156.937500	-2048.000000	-326.562500
1	-156.937500	-2048.000000	-326.562500
1	-156.937500	-2048.000000	-326.562500
1	-156.937500	-2048.000000	-326.562500
1	-156.937500	-2048.000000	-326.562500
1	-156.937500	-2048.000000	-326.562500
1	-156.937500	-2048.000000	-326.562500
1	-156.562500	-2048.000000	-327.437500
1	-156.562500	-2048.000000	-327.437500
1	-156.562500	-2048.000000	-327.437500
1	-156.562500	-2048.000000	-327.437500
1	-156.562500	-2048.000000	-327.437500
1	-156.562500	-2048.000000	-327.437500
1	-156.562500	-2048.000000	-327.437500
1	-156.562500	-2048.000000	-327.437500
1	-156.562500	-2048.000000	-327.437500
1	-156.562500	-2048.000000	-327.437500
1	-156.562500	-2048.000000	-327.437500
1	-156.562500	-2048.000000	-327.437500
1	-156.562500	-2048.000000	-327.437500
1	-156.562500	-2048.000000	-327.437500
1	-156.562500	-2048.000000	-327.437500
1	-156.562500	-2048.000000	-327.437500
1	-156.562500	-2048.000000	-327.437500
1	-156.562500	-2048.000000	-327.437500
1	-156.562500	-2048.000000	-327.437500
1	-156.562500	-2048.000000	-327.437500
1	-156.562500	-2048.000000	-327.437500
1	-156.562500	-2048.000000	-327.437500
1	-156.562500	-2048.000000	-327.437500
1	-156.562500	-2048.000000	-327.437500
1	-156.562500	-2048.000000	-327.437500
1	-156.562500	-2048.000000	-327.437500
1	-156.562500	-2048.000000	-327.437500
1	-156.562500	-2048.000000	-327.437500
1	-156.562500	-2048.000000	-327.437500
1	-156.562500	-2048.000000	-327.437500
1	-156.562500	-2048.000000	-327.437500
1	-157.312500	-2048.000000	-326.937500
1	-157.312500	-2048.000000	-326.937500
1	-157.312500	-2048.000000	-326.937500
1	-157.312500	-2048.000000	-326.937500
1	-157.312500	-2048.000000	-326.937500
1	-157.312500	-2048.000000	-326.937500
1	-157.312500	-2048.000000	-326.937500
1	-157.312500	-2048.000000	-326.937500
1	-157.312500	-2048.000000	-326.937500
1	-157.312500	-2048.000000	-326.937500
1	-157.312500	-2048.000000	-326.937500
1	-157.312500	-2048.000000	-326.937500
1	-157.312500	-2048.000000	-326.937500
1	-157.312500	-2048.000000	-326.937500
1	-157.312500	-2048.000000	-326.937500
1	-157.312500	-2048.000000	-326.937500
1	-157.312500	-2048.000000	-326.937500
1	-157.312500	-2048.000000	-326.937500
1	-157.312500	-2048.000000	-326.937500
1	-157.312500	-2048.000000	-326.937500
1	-157.312500	-2048.000000	-326.937500
1	-157.312500	-2048.000000	-326.937500
1	-157.312500	-2048.000000	-326.937500
1	-157.312500	-2048.000000	-326.937500
1	-157.312500	-2048.000000	-326.937500
1	-157.312500	-2048.000000	-326.937500
1	-157.312500	-2048.000000	-326.937500
1	-157.312500	-2048.000000	-326.937500
1	-157.312500	-2048.000000	-326.937500
1	-157.312500	-2048.000000	-326.937500
1	-157.687500	-2048.000000	-327.750000
1	-157.687500	-2048.000000	-327.750000
1	-157.687500	-2048.000000	-327.750000
1	-157.687500	-2048.000000	-327.750000
1	-157.687500	-2048.000000	-327.750000
1	-157.687500	-2048.000000	-327.750000
1	-157.687500	-2048.000000	-327.750000
1	-157.687500	-2048.000000	-327.750000
1	-157.687500	-2048.000000	-327.750000
1	-157.687500	-2048.000000	-327.750000
1	-157.687500	-2048.000000	-327.750000
1	-157.687500	-2048.000000	-327.750000
1	-157.687500	-2048.000000	-327.750000
1	-157.687500	-2048.000000	-327.750000
1	-157.687500	-2048.000000	-327.750000
1	-157.687500	-2048.000000	-327.750000
1	-157.687500	-2048.000000	-327.750000
1	-157.687500	-2048.000000	-327.750000
1	-157.687500	-2048.000000	-327.750000
1	-157.687500	-2048.000000	-327.750000
1	-157.687500	-2048.000000	-327.750000
1	-157.687500	-2048.000000	-327.750000
1	-157.687500	-2048.000000	-327.750000
1	-157.687500	-2048.000000	-327.750000
1	-157.687500	-2048.000000	-327.750000
1	-157.687500	-2048.000000	-327.750000
1	-157.687500	-2048.000000	-327.750000
1	-157.687500	-2048.000000	-327.750000
1	-157.687500	-2048.000000	-327.750000
1	-157.687500	-2048.000000	-327.750000
1	-157.687500	-2048.000000	-327.750000
1	-158.062500	-2048.000000	-327.437500
1	-158.062500	-2048.000000	-327.437500
1	-158.062500	-2048.000000	-327.437500
1	-158.062500	-2048.000000	-327.437500
1	-158.062500	-2048.000000	-327.437500
1	-158.062500	-2048.000000	-327.437500
1	-158.062500	-2048.000000	-327.437500
1	-158.062500	-2048.000000	-327.437500
1	-158.062500	-2048.000000	-327.437500
1	-158.062500	-2048.000000	-327.437500
1	-158.062500	-2048.000000	-327.437500
1	-158.062500	-2048.000000	-327.437500
1	-158.062500	-2048.000000	-327.437500
1	-158.062500	-2048.000000	-327.437500
1	-158.062500	-2048.000000	-327.437500
1	-158.062500	-2048.000000	-327.437500
