1	487.500000	-84.937500	-64.750000
1	487.500000	-84.937500	-64.750000
1	487.500000	-84.937500	-64.750000
1	487.500000	-84.937500	-64.750000
1	487.500000	-84.937500	-64.750000
1	487.500000	-84.937500	-64.750000
1	487.500000	-84.937500	-64.750000
1	487.500000	-84.937500	-64.750000
1	487.500000	-84.937500	-64.750000
1	487.500000	-84.937500	-64.750000
1	487.500000	-84.937500	-64.750000
1	487.500000	-84.937500	-64.750000
1	487.500000	-84.937500	-64.750000
1	487.500000	-84.937500	-64.750000
1	487.500000	-84.937500	-64.750000
1	486.375000	-84.250000	-65.562500
1	486.375000	-84.250000	-65.562500
1	486.375000	-84.250000	-65.562500
1	486.375000	-84.250000	-65.562500
1	486.375000	-84.250000	-65.562500
1	486.375000	-84.250000	-65.562500
1	486.375000	-84.250000	-65.562500
1	486.375000	-84.250000	-65.562500
1	486.375000	-84.250000	-65.562500
1	486.375000	-84.250000	-65.562500
1	486.375000	-84.250000	-65.562500
1	486.375000	-84.250000	-65.562500
1	486.375000	-84.250000	-65.562500
1	486.375000	-84.250000	-65.562500
1	486.375000	-84.250000	-65.562500
1	486.375000	-84.250000	-65.562500
1	486.375000	-84.250000	-65.562500
1	486.375000	-84.250000	-65.562500
1	486.375000	-84.250000	-65.562500
1	486.375000	-84.250000	-65.562500
1	486.375000	-84.250000	-65.562500
1	486.375000	-84.250000	-65.562500
1	486.375000	-84.250000	-65.562500
1	486.375000	-84.250000	-65.562500
1	486.375000	-84.250000	-65.562500
1	486.375000	-84.250000	-65.562500
1	486.375000	-84.250000	-65.562500
1	486.375000	-84.250000	-65.562500
1	486.375000	-84.250000	-65.562500
1	486.375000	-84.250000	-65.562500
1	486.375000	-83.875000	-65.187500
1	486.375000	-83.875000	-65.187500
1	486.375000	-83.875000	-65.187500
1	486.375000	-83.875000	-65.187500
1	486.375000	-83.875000	-65.187500
1	486.375000	-83.875000	-65.187500
1	486.375000	-83.875000	-65.187500
1	486.375000	-83.875000	-65.187500
1	486.375000	-83.875000	-65.187500
1	486.375000	-83.875000	-65.187500
1	486.375000	-83.875000	-65.187500
1	486.375000	-83.875000	-65.187500
1	486.375000	-83.875000	-65.187500
1	486.375000	-83.875000	-65.187500
1	486.375000	-83.875000	-65.187500
1	486.375000	-83.875000	-65.187500
1	486.375000	-83.875000	-65.187500
1	486.375000	-83.875000	-65.187500
1	486.375000	-83.875000	-65.187500
1	486.375000	-83.875000	-65.187500
1	486.375000	-83.875000	-65.187500
1	486.375000	-83.875000	-65.187500
1	486.375000	-83.875000	-65.187500
1	486.375000	-83.875000	-65.187500
1	486.375000	-83.875000	-65.187500
1	486.375000	-83.875000	-65.187500
1	486.375000	-83.875000	-65.187500
1	486.375000	-83.875000	-65.187500
1	486.375000	-83.875000	-65.187500
1	486.375000	-83.875000	-65.187500
1	486.375000	-83.875000	-65.187500
1	487.500000	-83.875000	-64.750000
1	487.500000	-83.875000	-64.750000
1	487.500000	-83.875000	-64.750000
1	487.500000	-83.875000	-64.750000
1	487.500000	-83.875000	-64.750000
1	487.500000	-83.875000	-64.750000
1	487.500000	-83.875000	-64.750000
1	487.500000	-83.875000	-64.750000
1	487.500000	-83.875000	-64.750000
1	487.500000	-83.875000	-64.750000
1	487.500000	-83.875000	-64.750000
1	487.500000	-83.875000	-64.750000
1	487.500000	-83.875000	-64.750000
1	487.500000	-83.875000	-64.750000
1	487.500000	-83.875000	-64.750000
1	487.500000	-83.875000	-64.750000
1	487.500000	-83.875000	-64.750000
1	487.500000	-83.875000	-64.750000
1	487.500000	-83.875000	-64.750000
1	487.500000	-83.875000	-64.750000
1	487.500000	-83.875000	-64.750000
1	487.500000	-83.875000	-64.750000
1	487.500000	-83.875000	-64.750000
1	487.500000	-83.875000	-64.750000
1	487.500000	-83.875000	-64.750000
1	487.500000	-83.875000	-64.750000
1	487.500000	-83.875000	-64.750000
1	487.500000	-83.875000	-64.750000
1	487.500000	-83.875000	-64.750000
1	485.625000	-84.937500	-65.562500
1	485.625000	-84.937500	-65.562500
1	485.625000	-84.937500	-65.562500
1	485.625000	-84.937500	-65.562500
1	485.625000	-84.937500	-65.562500
1	485.625000	-84.937500	-65.562500
1	485.625000	-84.937500	-65.562500
1	485.625000	-84.937500	-65.562500
1	485.625000	-84.937500	-65.562500
1	485.625000	-84.937500	-65.562500
1	485.625000	-84.937500	-65.562500
1	485.625000	-84.937500	-65.562500
1	485.625000	-84.937500	-65.562500
1	485.625000	-84.937500	-65.562500
1	485.625000	-84.937500	-65.562500
1	485.625000	-84.937500	-65.562500
1	485.625000	-84.937500	-65.562500
1	485.625000	-84.937500	-65.562500
1	485.625000	-84.937500	-65.562500
1	485.625000	-84.937500	-65.562500
1	485.625000	-84.937500	-65.562500
1	485.625000	-84.937500	-65.562500
1	485.625000	-84.937500	-65.562500
1	485.625000	-84.937500	-65.562500
1	485.625000	-84.937500	-65.562500
1	485.625000	-84.937500	-65.562500
1	485.625000	-84.937500	-65.562500
1	485.625000	-84.937500	-65.562500
1	485.625000	-84.937500	-65.562500
1	485.625000	-84.937500	-65.562500
1	485.625000	-84.937500	-65.562500
1	487.125000	-84.250000	-64.375000
1	487.125000	-84.250000	-64.375000
1	487.125000	-84.250000	-64.375000
1	487.125000	-84.250000	-64.375000
1	487.125000	-84.250000	-64.375000
1	487.125000	-84.250000	-64.375000
1	487.125000	-84.250000	-64.375000
1	487.125000	-84.250000	-64.375000
1	487.125000	-84.250000	-64.375000
1	487.125000	-84.250000	-64.375000
1	487.125000	-84.250000	-64.375000
1	487.125000	-84.250000	-64.375000
1	487.125000	-84.250000	-64.375000
1	487.125000	-84.250000	-64.375000
1	487.125000	-84.250000	-64.375000
1	487.125000	-84.250000	-64.375000
1	487.125000	-84.250000	-64.375000
1	487.125000	-84.250000	-64.375000
1	487.125000	-84.250000	-64.375000
1	487.125000	-84.250000	-64.375000
1	487.125000	-84.250000	-64.375000
1	487.125000	-84.250000	-64.375000
1	487.125000	-84.250000	-64.375000
1	487.125000	-84.250000	-64.375000
1	487.125000	-84.250000	-64.375000
1	487.125000	-84.250000	-64.375000
1	487.125000	-84.250000	-64.375000
1	487.125000	-84.250000	-64.375000
1	487.125000	-84.250000	-64.375000
1	487.125000	-84.250000	-64.375000
1	487.125000	-84.250000	-64.375000
1	486.750000	-84.250000	-65.187500
1	486.750000	-84.250000	-65.187500
1	486.750000	-84.250000	-65.187500
1	486.750000	-84.250000	-65.187500
1	486.750000	-84.250000	-65.187500
1	486.750000	-84.250000	-65.187500
1	486.750000	-84.250000	-65.187500
1	486.750000	-84.250000	-65.187500
1	486.750000	-84.250000	-65.187500
1	486.750000	-84.250000	-65.187500
1	486.750000	-84.250000	-65.187500
1	486.750000	-84.250000	-65.187500
1	486.750000	-84.250000	-65.187500
1	486.750000	-84.250000	-65.187500
1	486.750000	-84.250000	-65.187500
1	486.750000	-84.250000	-65.187500
1	486.750000	-84.250000	-65.187500
1	486.750000	-84.250000	-65.187500
1	486.750000	-84.250000	-65.187500
1	486.750000	-84.250000	-65.187500
1	486.750000	-84.250000	-65.187500
1	486.750000	-84.250000	-65.187500
1	486.750000	-84.250000	-65.187500
1	486.750000	-84.250000	-65.187500
1	486.750000	-84.250000	-65.187500
1	486.750000	-84.250000	-65.187500
1	486.750000	-84.250000	-65.187500
1	486.750000	-84.250000	-65.187500
1	486.750000	-84.250000	-65.187500
1	486.750000	-84.250000	-65.187500
1	486.750000	-84.250000	-65.187500
1	487.125000	-85.687500	-64.375000
1	487.125000	-85.687500	-64.375000
1	487.125000	-85.687500	-64.375000
1	487.125000	-85.687500	-64.375000
1	487.125000	-85.687500	-64.375000
1	487.125000	-85.687500	-64.375000
1	487.125000	-85.687500	-64.375000
1	487.125000	-85.687500	-64.375000
1	487.125000	-85.687500	-64.375000
1	487.125000	-85.687500	-64.375000
1	487.125000	-85.687500	-64.375000
1	487.125000	-85.687500	-64.375000
1	487.125000	-85.687500	-64.375000
1	487.125000	-85.687500	-64.375000
1	487.125000	-85.687500	-64.375000
1	487.125000	-85.687500	-64.375000
1	487.125000	-85.687500	-64.375000
1	487.125000	-85.687500	-64.375000
1	487.125000	-85.687500	-64.375000
1	487.125000	-85.687500	-64.375000
1	487.125000	-85.687500	-64.375000
1	487.125000	-85.687500	-64.375000
1	487.125000	-85.687500	-64.375000
1	487.125000	-85.687500	-64.375000
1	487.125000	-85.687500	-64.375000
1	487.125000	-85.687500	-64.375000
1	487.125000	-85.687500	-64.375000
1	487.125000	-85.687500	-64.375000
1	487.125000	-85.687500	-64.375000
1	487.125000	-85.687500	-64.375000
1	486.000000	-82.750000	-64.750000
1	486.000000	-82.750000	-64.750000
1	486.000000	-82.750000	-64.750000
1	486.000000	-82.750000	-64.750000
1	486.000000	-82.750000	-64.750000
1	486.000000	-82.750000	-64.750000
1	486.000000	-82.750000	-64.750000
1	486.000000	-82.750000	-64.750000
1	486.000000	-82.750000	-64.750000
1	486.000000	-82.750000	-64.750000
1	486.000000	-82.750000	-64.750000
1	486.000000	-82.750000	-64.750000
1	486.000000	-82.750000	-64.750000
1	486.000000	-82.750000	-64.750000
1	486.000000	-82.750000	-64.750000
1	486.000000	-82.750000	-64.750000
1	486.000000	-82.750000	-64.750000
1	486.000000	-82.750000	-64.750000
1	486.000000	-82.750000	-64.750000
1	486.000000	-82.750000	-64.750000
1	486.000000	-82.750000	-64.750000
1	486.000000	-82.750000	-64.750000
1	486.000000	-82.750000	-64.750000
1	486.000000	-82.750000	-64.750000
1	486.000000	-82.750000	-64.750000
1	486.000000	-82.750000	-64.750000
1	486.000000	-82.750000	-64.750000
1	486.000000	-82.750000	-64.750000
1	486.000000	-82.750000	-64.750000
1	486.000000	-82.750000	-64.750000
1	487.125000	-83.875000	-66.000000
1	487.125000	-83.875000	-66.000000
1	487.125000	-83.875000	-66.000000
1	487.125000	-83.875000	-66.000000
1	487.125000	-83.875000	-66.000000
1	487.125000	-83.875000	-66.000000
1	487.125000	-83.875000	-66.000000
1	487.125000	-83.875000	-66.000000
1	487.125000	-83.875000	-66.000000
1	487.125000	-83.875000	-66.000000
1	487.125000	-83.875000	-66.000000
1	487.125000	-83.875000	-66.000000
1	487.125000	-83.875000	-66.000000
1	487.125000	-83.875000	-66.000000
1	487.125000	-83.875000	-66.000000
1	487.125000	-83.875000	-66.000000
1	487.125000	-83.875000	-66.000000
1	487.125000	-83.875000	-66.000000
1	487.125000	-83.875000	-66.000000
1	487.125000	-83.875000	-66.000000
1	487.125000	-83.875000	-66.000000
1	487.125000	-83.875000	-66.000000
1	487.125000	-83.875000	-66.000000
1	487.125000	-83.875000	-66.000000
1	487.125000	-83.875000	-66.000000
1	487.125000	-83.875000	-66.000000
1	487.125000	-83.875000	-66.000000
1	487.125000	-83.875000	-66.000000
1	487.125000	-83.875000	-66.000000
1	487.125000	-83.875000	-66.000000
1	487.125000	-83.875000	-66.000000
1	488.250000	-86.812500	-64.375000
1	488.250000	-86.812500	-64.375000
1	488.250000	-86.812500	-64.375000
1	488.250000	-86.812500	-64.375000
1	488.250000	-86.812500	-64.375000
1	488.250000	-86.812500	-64.375000
1	488.250000	-86.812500	-64.375000
1	488.250000	-86.812500	-64.375000
1	488.250000	-86.812500	-64.375000
1	488.250000	-86.812500	-64.375000
1	488.250000	-86.812500	-64.375000
1	488.250000	-86.812500	-64.375000
1	488.250000	-86.812500	-64.375000
1	488.250000	-86.812500	-64.375000
1	488.250000	-86.812500	-64.375000
1	488.250000	-86.812500	-64.375000
1	488.250000	-86.812500	-64.375000
1	488.250000	-86.812500	-64.375000
1	488.250000	-86.812500	-64.375000
1	488.250000	-86.812500	-64.375000
1	488.250000	-86.812500	-64.375000
1	488.250000	-86.812500	-64.375000
1	488.250000	-86.812500	-64.375000
1	488.250000	-86.812500	-64.375000
1	488.250000	-86.812500	-64.375000
1	488.250000	-86.812500	-64.375000
1	488.250000	-86.812500	-64.375000
1	488.250000	-86.812500	-64.375000
1	488.250000	-86.812500	-64.375000
1	488.250000	-86.812500	-64.375000
1	488.250000	-86.812500	-64.375000
1	487.125000	-84.250000	-64.375000
1	487.125000	-84.250000	-64.375000
1	487.125000	-84.250000	-64.375000
1	487.125000	-84.250000	-64.375000
1	487.125000	-84.250000	-64.375000
1	487.125000	-84.250000	-64.375000
1	487.125000	-84.250000	-64.375000
1	487.125000	-84.250000	-64.375000
1	487.125000	-84.250000	-64.375000
1	487.125000	-84.250000	-64.375000
1	487.125000	-84.250000	-64.375000
1	487.125000	-84.250000	-64.375000
1	487.125000	-84.250000	-64.375000
1	487.125000	-84.250000	-64.375000
1	487.125000	-84.250000	-64.375000
1	487.125000	-84.250000	-64.375000
1	487.125000	-84.250000	-64.375000
1	487.125000	-84.250000	-64.375000
1	487.125000	-84.250000	-64.375000
1	487.125000	-84.250000	-64.375000
1	487.125000	-84.250000	-64.375000
1	487.125000	-84.250000	-64.375000
1	487.125000	-84.250000	-64.375000
1	487.125000	-84.250000	-64.375000
1	487.125000	-84.250000	-64.375000
1	487.125000	-84.250000	-64.375000
1	487.125000	-84.250000	-64.375000
1	487.125000	-84.250000	-64.375000
1	487.125000	-84.250000	-64.375000
1	487.125000	-84.250000	-64.375000
1	487.875000	-84.625000	-65.562500
1	487.875000	-84.625000	-65.562500
1	487.875000	-84.625000	-65.562500
1	487.875000	-84.625000	-65.562500
1	487.875000	-84.625000	-65.562500
1	487.875000	-84.625000	-65.562500
1	487.875000	-84.625000	-65.562500
1	487.875000	-84.625000	-65.562500
1	487.875000	-84.625000	-65.562500
1	487.875000	-84.625000	-65.562500
1	487.875000	-84.625000	-65.562500
1	487.875000	-84.625000	-65.562500
1	487.875000	-84.625000	-65.562500
1	487.875000	-84.625000	-65.562500
1	487.875000	-84.625000	-65.562500
1	487.875000	-84.625000	-65.562500
1	487.875000	-84.625000	-65.562500
1	487.875000	-84.625000	-65.562500
1	487.875000	-84.625000	-65.562500
1	487.875000	-84.625000	-65.562500
1	487.875000	-84.625000	-65.562500
1	487.875000	-84.625000	-65.562500
1	487.875000	-84.625000	-65.562500
1	487.875000	-84.625000	-65.562500
1	487.875000	-84.625000	-65.562500
1	487.875000	-84.625000	-65.562500
1	487.875000	-84.625000	-65.562500
1	487.875000	-84.625000	-65.562500
1	487.875000	-84.625000	-65.562500
1	487.875000	-84.625000	-65.562500
1	489.000000	-85.687500	-64.812500
1	489.000000	-85.687500	-64.812500
1	489.000000	-85.687500	-64.812500
1	489.000000	-85.687500	-64.812500
1	489.000000	-85.687500	-64.812500
1	489.000000	-85.687500	-64.812500
1	489.000000	-85.687500	-64.812500
1	489.000000	-85.687500	-64.812500
1	489.000000	-85.687500	-64.812500
1	489.000000	-85.687500	-64.812500
1	489.000000	-85.687500	-64.812500
1	489.000000	-85.687500	-64.812500
1	489.000000	-85.687500	-64.812500
1	489.000000	-85.687500	-64.812500
1	489.000000	-85.687500	-64.812500
1	489.000000	-85.687500	-64.812500
1	489.000000	-85.687500	-64.812500
1	489.000000	-85.687500	-64.812500
1	489.000000	-85.687500	-64.812500
1	489.000000	-85.687500	-64.812500
1	489.000000	-85.687500	-64.812500
1	489.000000	-85.687500	-64.812500
1	489.000000	-85.687500	-64.812500
1	489.000000	-85.687500	-64.812500
1	489.000000	-85.687500	-64.812500
1	489.000000	-85.687500	-64.812500
1	489.000000	-85.687500	-64.812500
1	489.000000	-85.687500	-64.812500
1	489.000000	-85.687500	-64.812500
1	489.000000	-85.687500	-64.812500
1	489.000000	-85.687500	-64.812500
1	487.125000	-85.687500	-64.375000
1	487.125000	-85.687500	-64.375000
1	487.125000	-85.687500	-64.375000
1	487.125000	-85.687500	-64.375000
1	487.125000	-85.687500	-64.375000
1	487.125000	-85.687500	-64.375000
1	487.125000	-85.687500	-64.375000
1	487.125000	-85.687500	-64.375000
1	487.125000	-85.687500	-64.375000
1	487.125000	-85.687500	-64.375000
1	487.125000	-85.687500	-64.375000
1	487.125000	-85.687500	-64.375000
1	487.125000	-85.687500	-64.375000
1	487.125000	-85.687500	-64.375000
1	487.125000	-85.687500	-64.375000
1	487.125000	-85.687500	-64.375000
1	487.125000	-85.687500	-64.375000
1	487.125000	-85.687500	-64.375000
1	487.125000	-85.687500	-64.375000
1	487.125000	-85.687500	-64.375000
1	487.125000	-85.687500	-64.375000
1	487.125000	-85.687500	-64.375000
1	487.125000	-85.687500	-64.375000
1	487.125000	-85.687500	-64.375000
1	487.125000	-85.687500	-64.375000
1	487.125000	-85.687500	-64.375000
1	487.125000	-85.687500	-64.375000
1	487.125000	-85.687500	-64.375000
1	487.125000	-85.687500	-64.375000
1	487.125000	-85.687500	-64.375000
1	487.125000	-85.687500	-64.375000
1	488.250000	-84.625000	-65.187500
1	488.250000	-84.625000	-65.187500
1	488.250000	-84.625000	-65.187500
1	488.250000	-84.625000	-65.187500
1	488.250000	-84.625000	-65.187500
1	488.250000	-84.625000	-65.187500
1	488.250000	-84.625000	-65.187500
1	488.250000	-84.625000	-65.187500
1	488.250000	-84.625000	-65.187500
1	488.250000	-84.625000	-65.187500
1	488.250000	-84.625000	-65.187500
1	488.250000	-84.625000	-65.187500
1	488.250000	-84.625000	-65.187500
1	488.250000	-84.625000	-65.187500
1	488.250000	-84.625000	-65.187500
1	488.250000	-84.625000	-65.187500
1	488.250000	-84.625000	-65.187500
1	488.250000	-84.625000	-65.187500
1	488.250000	-84.625000	-65.187500
1	488.250000	-84.625000	-65.187500
1	488.250000	-84.625000	-65.187500
1	488.250000	-84.625000	-65.187500
1	488.250000	-84.625000	-65.187500
1	488.250000	-84.625000	-65.187500
1	488.250000	-84.625000	-65.187500
1	488.250000	-84.625000	-65.187500
1	488.250000	-84.625000	-65.187500
1	488.250000	-84.625000	-65.187500
1	488.250000	-84.625000	-65.187500
1	488.250000	-84.625000	-65.187500
1	488.250000	-85.312500	-64.375000
1	488.250000	-85.312500	-64.375000
1	488.250000	-85.312500	-64.375000
1	488.250000	-85.312500	-64.375000
1	488.250000	-85.312500	-64.375000
1	488.250000	-85.312500	-64.375000
1	488.250000	-85.312500	-64.375000
1	488.250000	-85.312500	-64.375000
1	488.250000	-85.312500	-64.375000
1	488.250000	-85.312500	-64.375000
1	488.250000	-85.312500	-64.375000
1	488.250000	-85.312500	-64.375000
1	488.250000	-85.312500	-64.375000
1	488.250000	-85.312500	-64.375000
1	488.250000	-85.312500	-64.375000
1	488.250000	-85.312500	-64.375000
1	488.250000	-85.312500	-64.375000
1	488.250000	-85.312500	-64.375000
1	488.250000	-85.312500	-64.375000
1	488.250000	-85.312500	-64.375000
1	488.250000	-85.312500	-64.375000
1	488.250000	-85.312500	-64.375000
1	488.250000	-85.312500	-64.375000
1	488.250000	-85.312500	-64.375000
1	488.250000	-85.312500	-64.375000
1	488.250000	-85.312500	-64.375000
1	488.250000	-85.312500	-64.375000
1	488.250000	-85.312500	-64.375000
1	488.250000	-85.312500	-64.375000
1	488.250000	-85.312500	-64.375000
1	488.250000	-85.312500	-64.375000
1	487.500000	-84.937500	-64.000000
1	487.500000	-84.937500	-64.000000
1	487.500000	-84.937500	-64.000000
1	487.500000	-84.937500	-64.000000
1	487.500000	-84.937500	-64.000000
1	487.500000	-84.937500	-64.000000
1	487.500000	-84.937500	-64.000000
1	487.500000	-84.937500	-64.000000
1	487.500000	-84.937500	-64.000000
1	487.500000	-84.937500	-64.000000
1	487.500000	-84.937500	-64.000000
1	487.500000	-84.937500	-64.000000
1	487.500000	-84.937500	-64.000000
1	487.500000	-84.937500	-64.000000
1	487.500000	-84.937500	-64.000000
1	487.500000	-84.937500	-64.000000
1	487.500000	-84.937500	-64.000000
1	487.500000	-84.937500	-64.000000
1	487.500000	-84.937500	-64.000000
1	487.500000	-84.937500	-64.000000
1	487.500000	-84.937500	-64.000000
1	487.500000	-84.937500	-64.000000
1	487.500000	-84.937500	-64.000000
1	487.500000	-84.937500	-64.000000
1	487.500000	-84.937500	-64.000000
1	487.500000	-84.937500	-64.000000
1	487.500000	-84.937500	-64.000000
1	487.500000	-84.937500	-64.000000
1	487.500000	-84.937500	-64.000000
1	487.500000	-84.937500	-64.000000
1	487.500000	-84.937500	-64.000000
1	488.250000	-83.875000	-64.375000
1	488.250000	-83.875000	-64.375000
1	488.250000	-83.875000	-64.375000
1	488.250000	-83.875000	-64.375000
1	488.250000	-83.875000	-64.375000
1	488.250000	-83.875000	-64.375000
1	488.250000	-83.875000	-64.375000
1	488.250000	-83.875000	-64.375000
1	488.250000	-83.875000	-64.375000
1	488.250000	-83.875000	-64.375000
1	488.250000	-83.875000	-64.375000
1	488.250000	-83.875000	-64.375000
1	488.250000	-83.875000	-64.375000
1	488.250000	-83.875000	-64.375000
1	488.250000	-83.875000	-64.375000
1	488.250000	-83.875000	-64.375000
1	488.250000	-83.875000	-64.375000
1	488.250000	-83.875000	-64.375000
1	488.250000	-83.875000	-64.375000
1	488.250000	-83.875000	-64.375000
1	488.250000	-83.875000	-64.375000
1	488.250000	-83.875000	-64.375000
1	488.250000	-83.875000	-64.375000
1	488.250000	-83.875000	-64.375000
1	488.250000	-83.875000	-64.375000
1	488.250000	-83.875000	-64.375000
1	488.250000	-83.875000	-64.375000
1	488.250000	-83.875000	-64.375000
1	488.250000	-83.875000	-64.375000
1	488.250000	-83.875000	-64.375000
1	488.250000	-83.875000	-64.375000
1	488.625000	-84.250000	-64.000000
1	488.625000	-84.250000	-64.000000
1	488.625000	-84.250000	-64.000000
1	488.625000	-84.250000	-64.000000
1	488.625000	-84.250000	-64.000000
1	488.625000	-84.250000	-64.000000
1	488.625000	-84.250000	-64.000000
1	488.625000	-84.250000	-64.000000
1	488.625000	-84.250000	-64.000000
1	488.625000	-84.250000	-64.000000
1	488.625000	-84.250000	-64.000000
1	488.625000	-84.250000	-64.000000
1	488.625000	-84.250000	-64.000000
1	488.625000	-84.250000	-64.000000
1	488.625000	-84.250000	-64.000000
1	488.625000	-84.250000	-64.000000
1	488.625000	-84.250000	-64.000000
1	488.625000	-84.250000	-64.000000
1	488.625000	-84.250000	-64.000000
1	488.625000	-84.250000	-64.000000
1	488.625000	-84.250000	-64.000000
1	488.625000	-84.250000	-64.000000
1	488.625000	-84.250000	-64.000000
1	488.625000	-84.250000	-64.000000
1	488.625000	-84.250000	-64.000000
1	488.625000	-84.250000	-64.000000
1	488.625000	-84.250000	-64.000000
1	488.625000	-84.250000	-64.000000
1	488.625000	-84.250000	-64.000000
1	488.625000	-84.250000	-64.000000
1	487.875000	-83.125000	-65.187500
1	487.875000	-83.125000	-65.187500
1	487.875000	-83.125000	-65.187500
1	487.875000	-83.125000	-65.187500
1	487.875000	-83.125000	-65.187500
1	487.875000	-83.125000	-65.187500
1	487.875000	-83.125000	-65.187500
1	487.875000	-83.125000	-65.187500
1	487.875000	-83.125000	-65.187500
1	487.875000	-83.125000	-65.187500
1	487.875000	-83.125000	-65.187500
1	487.875000	-83.125000	-65.187500
1	487.875000	-83.125000	-65.187500
1	487.875000	-83.125000	-65.187500
1	487.875000	-83.125000	-65.187500
1	487.875000	-83.125000	-65.187500
1	487.875000	-83.125000	-65.187500
1	487.875000	-83.125000	-65.187500
1	487.875000	-83.125000	-65.187500
1	487.875000	-83.125000	-65.187500
1	487.875000	-83.125000	-65.187500
1	487.875000	-83.125000	-65.187500
1	487.875000	-83.125000	-65.187500
1	487.875000	-83.125000	-65.187500
1	487.875000	-83.125000	-65.187500
1	487.875000	-83.125000	-65.187500
1	487.875000	-83.125000	-65.187500
1	487.875000	-83.125000	-65.187500
1	487.875000	-83.125000	-65.187500
1	487.875000	-83.125000	-65.187500
1	487.875000	-83.125000	-65.187500
1	488.625000	-83.500000	-65.187500
1	488.625000	-83.500000	-65.187500
1	488.625000	-83.500000	-65.187500
1	488.625000	-83.500000	-65.187500
1	488.625000	-83.500000	-65.187500
1	488.625000	-83.500000	-65.187500
1	488.625000	-83.500000	-65.187500
1	488.625000	-83.500000	-65.187500
1	488.625000	-83.500000	-65.187500
1	488.625000	-83.500000	-65.187500
1	488.625000	-83.500000	-65.187500
1	488.625000	-83.500000	-65.187500
1	488.625000	-83.500000	-65.187500
1	488.625000	-83.500000	-65.187500
1	488.625000	-83.500000	-65.187500
1	488.625000	-83.500000	-65.187500
1	488.625000	-83.500000	-65.187500
1	488.625000	-83.500000	-65.187500
1	488.625000	-83.500000	-65.187500
1	488.625000	-83.500000	-65.187500
1	488.625000	-83.500000	-65.187500
1	488.625000	-83.500000	-65.187500
1	488.625000	-83.500000	-65.187500
1	488.625000	-83.500000	-65.187500
1	488.625000	-83.500000	-65.187500
1	488.625000	-83.500000	-65.187500
1	488.625000	-83.500000	-65.187500
1	488.625000	-83.500000	-65.187500
1	488.625000	-83.500000	-65.187500
1	488.625000	-83.500000	-65.187500
1	489.000000	-85.312500	-65.187500
1	489.000000	-85.312500	-65.187500
1	489.000000	-85.312500	-65.187500
1	489.000000	-85.312500	-65.187500
1	489.000000	-85.312500	-65.187500
1	489.000000	-85.312500	-65.187500
1	489.000000	-85.312500	-65.187500
1	489.000000	-85.312500	-65.187500
1	489.000000	-85.312500	-65.187500
1	489.000000	-85.312500	-65.187500
1	489.000000	-85.312500	-65.187500
1	489.000000	-85.312500	-65.187500
1	489.000000	-85.312500	-65.187500
1	489.000000	-85.312500	-65.187500
1	489.000000	-85.312500	-65.187500
1	489.000000	-85.312500	-65.187500
1	489.000000	-85.312500	-65.187500
1	489.000000	-85.312500	-65.187500
1	489.000000	-85.312500	-65.187500
1	489.000000	-85.312500	-65.187500
1	489.000000	-85.312500	-65.187500
1	489.000000	-85.312500	-65.187500
1	489.000000	-85.312500	-65.187500
1	489.000000	-85.312500	-65.187500
1	489.000000	-85.312500	-65.187500
1	489.000000	-85.312500	-65.187500
1	489.000000	-85.312500	-65.187500
1	489.000000	-85.312500	-65.187500
1	489.000000	-85.312500	-65.187500
1	489.000000	-85.312500	-65.187500
1	487.187500	-83.875000	-65.625000
1	487.187500	-83.875000	-65.625000
1	487.187500	-83.875000	-65.625000
1	487.187500	-83.875000	-65.625000
1	487.187500	-83.875000	-65.625000
1	487.187500	-83.875000	-65.625000
1	487.187500	-83.875000	-65.625000
1	487.187500	-83.875000	-65.625000
1	487.187500	-83.875000	-65.625000
1	487.187500	-83.875000	-65.625000
1	487.187500	-83.875000	-65.625000
1	487.187500	-83.875000	-65.625000
1	487.187500	-83.875000	-65.625000
1	487.187500	-83.875000	-65.625000
1	487.187500	-83.875000	-65.625000
1	487.187500	-83.875000	-65.625000
1	487.187500	-83.875000	-65.625000
1	487.187500	-83.875000	-65.625000
1	487.187500	-83.875000	-65.625000
1	487.187500	-83.875000	-65.625000
1	487.187500	-83.875000	-65.625000
1	487.187500	-83.875000	-65.625000
1	487.187500	-83.875000	-65.625000
1	487.187500	-83.875000	-65.625000
1	487.187500	-83.875000	-65.625000
1	487.187500	-83.875000	-65.625000
1	487.187500	-83.875000	-65.625000
1	487.187500	-83.875000	-65.625000
1	487.187500	-83.875000	-65.625000
1	487.187500	-83.875000	-65.625000
1	487.187500	-83.875000	-65.625000
1	487.500000	-85.312500	-64.000000
1	487.500000	-85.312500	-64.000000
1	487.500000	-85.312500	-64.000000
1	487.500000	-85.312500	-64.000000
1	487.500000	-85.312500	-64.000000
1	487.500000	-85.312500	-64.000000
1	487.500000	-85.312500	-64.000000
1	487.500000	-85.312500	-64.000000
1	487.500000	-85.312500	-64.000000
1	487.500000	-85.312500	-64.000000
1	487.500000	-85.312500	-64.000000
1	487.500000	-85.312500	-64.000000
1	487.500000	-85.312500	-64.000000
1	487.500000	-85.312500	-64.000000
1	487.500000	-85.312500	-64.000000
1	487.500000	-85.312500	-64.000000
1	487.500000	-85.312500	-64.000000
1	487.500000	-85.312500	-64.000000
1	487.500000	-85.312500	-64.000000
1	487.500000	-85.312500	-64.000000
1	487.500000	-85.312500	-64.000000
1	487.500000	-85.312500	-64.000000
1	487.500000	-85.312500	-64.000000
1	487.500000	-85.312500	-64.000000
1	487.500000	-85.312500	-64.000000
1	487.500000	-85.312500	-64.000000
1	487.500000	-85.312500	-64.000000
1	487.500000	-85.312500	-64.000000
1	487.500000	-85.312500	-64.000000
1	487.500000	-85.312500	-64.000000
1	487.500000	-85.312500	-64.000000
1	489.687500	-84.625000	-64.812500
1	489.687500	-84.625000	-64.812500
1	489.687500	-84.625000	-64.812500
1	489.687500	-84.625000	-64.812500
1	489.687500	-84.625000	-64.812500
1	489.687500	-84.625000	-64.812500
1	489.687500	-84.625000	-64.812500
1	489.687500	-84.625000	-64.812500
1	489.687500	-84.625000	-64.812500
1	489.687500	-84.625000	-64.812500
1	489.687500	-84.625000	-64.812500
1	489.687500	-84.625000	-64.812500
1	489.687500	-84.625000	-64.812500
1	489.687500	-84.625000	-64.812500
1	489.687500	-84.625000	-64.812500
1	489.687500	-84.625000	-64.812500
1	489.687500	-84.625000	-64.812500
1	489.687500	-84.625000	-64.812500
1	489.687500	-84.625000	-64.812500
1	489.687500	-84.625000	-64.812500
1	489.687500	-84.625000	-64.812500
1	489.687500	-84.625000	-64.812500
1	489.687500	-84.625000	-64.812500
1	489.687500	-84.625000	-64.812500
1	489.687500	-84.625000	-64.812500
1	489.687500	-84.625000	-64.812500
1	489.687500	-84.625000	-64.812500
1	489.687500	-84.625000	-64.812500
1	489.687500	-84.625000	-64.812500
1	489.687500	-84.625000	-64.812500
1	489.687500	-84.625000	-64.812500
1	489.750000	-84.625000	-64.812500
1	489.750000	-84.625000	-64.812500
1	489.750000	-84.625000	-64.812500
1	489.750000	-84.625000	-64.812500
1	489.750000	-84.625000	-64.812500
1	489.750000	-84.625000	-64.812500
1	489.750000	-84.625000	-64.812500
1	489.750000	-84.625000	-64.812500
1	489.750000	-84.625000	-64.812500
1	489.750000	-84.625000	-64.812500
1	489.750000	-84.625000	-64.812500
1	489.750000	-84.625000	-64.812500
1	489.750000	-84.625000	-64.812500
1	489.750000	-84.625000	-64.812500
1	489.750000	-84.625000	-64.812500
1	489.750000	-84.625000	-64.812500
1	489.750000	-84.625000	-64.812500
1	489.750000	-84.625000	-64.812500
1	489.750000	-84.625000	-64.812500
1	489.750000	-84.625000	-64.812500
1	489.750000	-84.625000	-64.812500
1	489.750000	-84.625000	-64.812500
1	489.750000	-84.625000	-64.812500
1	489.750000	-84.625000	-64.812500
1	489.750000	-84.625000	-64.812500
1	489.750000	-84.625000	-64.812500
1	489.750000	-84.625000	-64.812500
1	489.750000	-84.625000	-64.812500
1	489.750000	-84.625000	-64.812500
1	489.750000	-84.625000	-64.812500
1	489.750000	-84.625000	-64.812500
1	489.750000	-84.625000	-64.812500
1	489.750000	-84.625000	-64.812500
1	489.750000	-84.625000	-64.812500
1	489.750000	-84.625000	-64.812500
1	489.750000	-84.625000	-64.812500
1	489.750000	-84.625000	-64.812500
1	489.750000	-84.625000	-64.812500
1	489.750000	-84.625000	-64.812500
1	489.750000	-84.625000	-64.812500
1	489.750000	-84.625000	-64.812500
1	489.750000	-84.625000	-64.812500
1	489.750000	-84.625000	-64.812500
1	489.750000	-84.625000	-64.812500
1	489.750000	-84.625000	-64.812500
1	489.750000	-84.625000	-64.812500
1	489.750000	-84.625000	-64.812500
1	489.750000	-84.625000	-64.812500
1	489.750000	-84.625000	-64.812500
1	489.750000	-84.625000	-64.812500
1	489.750000	-84.625000	-64.812500
1	489.750000	-84.625000	-64.812500
1	489.750000	-84.625000	-64.812500
1	489.750000	-84.625000	-64.812500
1	489.750000	-84.625000	-64.812500
1	489.750000	-84.625000	-64.812500
1	489.750000	-84.625000	-64.812500
1	489.750000	-84.625000	-64.812500
1	489.750000	-84.625000	-64.812500
1	489.750000	-84.625000	-64.812500
1	489.750000	-84.625000	-64.812500
1	488.250000	-86.437500	-64.375000
1	488.250000	-86.437500	-64.375000
1	488.250000	-86.437500	-64.375000
1	488.250000	-86.437500	-64.375000
1	488.250000	-86.437500	-64.375000
1	488.250000	-86.437500	-64.375000
1	488.250000	-86.437500	-64.375000
1	488.250000	-86.437500	-64.375000
1	488.250000	-86.437500	-64.375000
1	488.250000	-86.437500	-64.375000
1	488.250000	-86.437500	-64.375000
1	488.250000	-86.437500	-64.375000
1	488.250000	-86.437500	-64.375000
1	488.250000	-86.437500	-64.375000
1	488.250000	-86.437500	-64.375000
1	488.250000	-86.437500	-64.375000
1	488.250000	-86.437500	-64.375000
1	488.250000	-86.437500	-64.375000
1	488.250000	-86.437500	-64.375000
1	488.250000	-86.437500	-64.375000
1	488.250000	-86.437500	-64.375000
1	488.250000	-86.437500	-64.375000
1	488.250000	-86.437500	-64.375000
1	488.250000	-86.437500	-64.375000
1	488.250000	-86.437500	-64.375000
1	488.250000	-86.437500	-64.375000
1	488.250000	-86.437500	-64.375000
1	488.250000	-86.437500	-64.375000
1	488.250000	-86.437500	-64.375000
1	488.250000	-86.437500	-64.375000
1	488.250000	-86.437500	-64.375000
1	487.875000	-86.062500	-64.000000
1	487.875000	-86.062500	-64.000000
1	487.875000	-86.062500	-64.000000
1	487.875000	-86.062500	-64.000000
1	487.875000	-86.062500	-64.000000
1	487.875000	-86.062500	-64.000000
1	487.875000	-86.062500	-64.000000
1	487.875000	-86.062500	-64.000000
1	487.875000	-86.062500	-64.000000
1	487.875000	-86.062500	-64.000000
1	487.875000	-86.062500	-64.000000
1	487.875000	-86.062500	-64.000000
1	487.875000	-86.062500	-64.000000
1	487.875000	-86.062500	-64.000000
1	487.875000	-86.062500	-64.000000
1	487.875000	-86.062500	-64.000000
1	487.875000	-86.062500	-64.000000
1	487.875000	-86.062500	-64.000000
1	487.875000	-86.062500	-64.000000
1	487.875000	-86.062500	-64.000000
1	487.875000	-86.062500	-64.000000
1	487.875000	-86.062500	-64.000000
1	487.875000	-86.062500	-64.000000
1	487.875000	-86.062500	-64.000000
1	487.875000	-86.062500	-64.000000
1	487.875000	-86.062500	-64.000000
1	487.875000	-86.062500	-64.000000
1	487.875000	-86.062500	-64.000000
1	487.875000	-86.062500	-64.000000
1	487.875000	-86.062500	-64.000000
1	488.250000	-84.625000	-65.187500
1	488.250000	-84.625000	-65.187500
1	488.250000	-84.625000	-65.187500
1	488.250000	-84.625000	-65.187500
1	488.250000	-84.625000	-65.187500
1	488.250000	-84.625000	-65.187500
1	488.250000	-84.625000	-65.187500
1	488.250000	-84.625000	-65.187500
1	488.250000	-84.625000	-65.187500
1	488.250000	-84.625000	-65.187500
1	488.250000	-84.625000	-65.187500
1	488.250000	-84.625000	-65.187500
1	488.250000	-84.625000	-65.187500
1	488.250000	-84.625000	-65.187500
1	488.250000	-84.625000	-65.187500
1	488.250000	-84.625000	-65.187500
1	488.250000	-84.625000	-65.187500
1	488.250000	-84.625000	-65.187500
1	488.250000	-84.625000	-65.187500
1	488.250000	-84.625000	-65.187500
1	488.250000	-84.625000	-65.187500
1	488.250000	-84.625000	-65.187500
1	488.250000	-84.625000	-65.187500
1	488.250000	-84.625000	-65.187500
1	488.250000	-84.625000	-65.187500
1	488.250000	-84.625000	-65.187500
1	488.250000	-84.625000	-65.187500
1	488.250000	-84.625000	-65.187500
1	488.250000	-84.625000	-65.187500
1	488.250000	-84.625000	-65.187500
1	487.187500	-85.312500	-63.625000
1	487.187500	-85.312500	-63.625000
1	487.187500	-85.312500	-63.625000
1	487.187500	-85.312500	-63.625000
1	487.187500	-85.312500	-63.625000
1	487.187500	-85.312500	-63.625000
1	487.187500	-85.312500	-63.625000
1	487.187500	-85.312500	-63.625000
1	487.187500	-85.312500	-63.625000
1	487.187500	-85.312500	-63.625000
1	487.187500	-85.312500	-63.625000
1	487.187500	-85.312500	-63.625000
1	487.187500	-85.312500	-63.625000
1	487.187500	-85.312500	-63.625000
1	487.187500	-85.312500	-63.625000
1	487.187500	-85.312500	-63.625000
1	487.187500	-85.312500	-63.625000
1	487.187500	-85.312500	-63.625000
1	487.187500	-85.312500	-63.625000
1	487.187500	-85.312500	-63.625000
1	487.187500	-85.312500	-63.625000
1	487.187500	-85.312500	-63.625000
1	487.187500	-85.312500	-63.625000
1	487.187500	-85.312500	-63.625000
1	487.187500	-85.312500	-63.625000
1	487.187500	-85.312500	-63.625000
1	487.187500	-85.312500	-63.625000
1	487.187500	-85.312500	-63.625000
1	487.187500	-85.312500	-63.625000
1	487.187500	-85.312500	-63.625000
1	487.187500	-85.312500	-63.625000
1	489.000000	-86.437500	-65.187500
1	489.000000	-86.437500	-65.187500
1	489.000000	-86.437500	-65.187500
1	489.000000	-86.437500	-65.187500
1	489.000000	-86.437500	-65.187500
1	489.000000	-86.437500	-65.187500
1	489.000000	-86.437500	-65.187500
1	489.000000	-86.437500	-65.187500
1	489.000000	-86.437500	-65.187500
1	489.000000	-86.437500	-65.187500
1	489.000000	-86.437500	-65.187500
1	489.000000	-86.437500	-65.187500
1	489.000000	-86.437500	-65.187500
1	489.000000	-86.437500	-65.187500
1	489.000000	-86.437500	-65.187500
1	489.000000	-86.437500	-65.187500
1	489.000000	-86.437500	-65.187500
1	489.000000	-86.437500	-65.187500
1	489.000000	-86.437500	-65.187500
1	489.000000	-86.437500	-65.187500
1	489.000000	-86.437500	-65.187500
1	489.000000	-86.437500	-65.187500
1	489.000000	-86.437500	-65.187500
1	489.000000	-86.437500	-65.187500
1	489.000000	-86.437500	-65.187500
1	489.000000	-86.437500	-65.187500
1	489.000000	-86.437500	-65.187500
1	489.000000	-86.437500	-65.187500
1	489.000000	-86.437500	-65.187500
1	489.000000	-86.437500	-65.187500
1	489.000000	-86.437500	-65.187500
1	488.250000	-83.125000	-64.812500
1	488.250000	-83.125000	-64.812500
1	488.250000	-83.125000	-64.812500
1	488.250000	-83.125000	-64.812500
1	488.250000	-83.125000	-64.812500
1	488.250000	-83.125000	-64.812500
1	488.250000	-83.125000	-64.812500
