1	22.937500	-43.625000	-158.812500
1	22.937500	-43.625000	-158.812500
1	22.937500	-43.625000	-158.812500
1	22.937500	-43.625000	-158.812500
1	22.937500	-43.625000	-158.812500
1	22.937500	-43.625000	-158.812500
1	22.937500	-43.625000	-158.812500
1	22.937500	-43.625000	-158.812500
1	22.937500	-43.625000	-158.812500
1	22.937500	-43.625000	-158.812500
1	22.937500	-43.625000	-158.812500
1	23.312500	-42.875000	-160.375000
1	23.312500	-42.875000	-160.375000
1	23.312500	-42.875000	-160.375000
1	23.312500	-42.875000	-160.375000
1	23.312500	-42.875000	-160.375000
1	23.312500	-42.875000	-160.375000
1	23.312500	-42.875000	-160.375000
1	23.312500	-42.875000	-160.375000
1	23.312500	-42.875000	-160.375000
1	23.312500	-42.875000	-160.375000
1	23.312500	-42.875000	-160.375000
1	23.312500	-42.875000	-160.375000
1	23.312500	-42.875000	-160.375000
1	23.312500	-42.875000	-160.375000
1	23.312500	-42.875000	-160.375000
1	23.312500	-42.875000	-160.375000
1	23.312500	-42.875000	-160.375000
1	23.312500	-42.875000	-160.375000
1	23.312500	-42.875000	-160.375000
1	23.312500	-42.875000	-160.375000
1	23.312500	-42.875000	-160.375000
1	23.312500	-42.875000	-160.375000
1	23.312500	-42.875000	-160.375000
1	23.312500	-42.875000	-160.375000
1	23.312500	-42.875000	-160.375000
1	23.312500	-42.875000	-160.375000
1	23.312500	-42.875000	-160.375000
1	23.312500	-42.875000	-160.375000
1	23.312500	-42.875000	-160.375000
1	23.312500	-42.875000	-160.375000
1	23.312500	-42.875000	-160.375000
1	22.937500	-42.125000	-160.000000
1	22.937500	-42.125000	-160.000000
1	22.937500	-42.125000	-160.000000
1	22.937500	-42.125000	-160.000000
1	22.937500	-42.125000	-160.000000
1	22.937500	-42.125000	-160.000000
1	22.937500	-42.125000	-160.000000
1	22.937500	-42.125000	-160.000000
1	22.937500	-42.125000	-160.000000
1	22.937500	-42.125000	-160.000000
1	22.937500	-42.125000	-160.000000
1	22.937500	-42.125000	-160.000000
1	22.937500	-42.125000	-160.000000
1	22.937500	-42.125000	-160.000000
1	22.937500	-42.125000	-160.000000
1	22.937500	-42.125000	-160.000000
1	22.937500	-42.125000	-160.000000
1	22.937500	-42.125000	-160.000000
1	22.937500	-42.125000	-160.000000
1	22.937500	-42.125000	-160.000000
1	22.937500	-42.125000	-160.000000
1	22.937500	-42.125000	-160.000000
1	22.937500	-42.125000	-160.000000
1	22.937500	-42.125000	-160.000000
1	22.937500	-42.125000	-160.000000
1	22.937500	-42.125000	-160.000000
1	22.937500	-42.125000	-160.000000
1	22.937500	-42.125000	-160.000000
1	22.937500	-42.125000	-160.000000
1	22.937500	-42.125000	-160.000000
1	24.000000	-42.125000	-159.562500
1	24.000000	-42.125000	-159.562500
1	24.000000	-42.125000	-159.562500
1	24.000000	-42.125000	-159.562500
1	24.000000	-42.125000	-159.562500
1	24.000000	-42.125000	-159.562500
1	24.000000	-42.125000	-159.562500
1	24.000000	-42.125000	-159.562500
1	24.000000	-42.125000	-159.562500
1	24.000000	-42.125000	-159.562500
1	24.000000	-42.125000	-159.562500
1	24.000000	-42.125000	-159.562500
1	24.000000	-42.125000	-159.562500
1	24.000000	-42.125000	-159.562500
1	24.000000	-42.125000	-159.562500
1	24.000000	-42.125000	-159.562500
1	24.000000	-42.125000	-159.562500
1	24.000000	-42.125000	-159.562500
1	24.000000	-42.125000	-159.562500
1	24.000000	-42.125000	-159.562500
1	24.000000	-42.125000	-159.562500
1	24.000000	-42.125000	-159.562500
1	24.000000	-42.125000	-159.562500
1	24.000000	-42.125000	-159.562500
1	24.000000	-42.125000	-159.562500
1	24.000000	-42.125000	-159.562500
1	24.000000	-42.125000	-159.562500
1	24.000000	-42.125000	-159.562500
1	24.000000	-42.125000	-159.562500
1	24.000000	-42.125000	-159.562500
1	22.937500	-43.250000	-160.000000
1	22.937500	-43.250000	-160.000000
1	22.937500	-43.250000	-160.000000
1	22.937500	-43.250000	-160.000000
1	22.937500	-43.250000	-160.000000
1	22.937500	-43.250000	-160.000000
1	22.937500	-43.250000	-160.000000
1	22.937500	-43.250000	-160.000000
1	22.937500	-43.250000	-160.000000
1	22.937500	-43.250000	-160.000000
1	22.937500	-43.250000	-160.000000
1	22.937500	-43.250000	-160.000000
1	22.937500	-43.250000	-160.000000
1	22.937500	-43.250000	-160.000000
1	22.937500	-43.250000	-160.000000
1	22.937500	-43.250000	-160.000000
1	22.937500	-43.250000	-160.000000
1	22.937500	-43.250000	-160.000000
1	22.937500	-43.250000	-160.000000
1	22.937500	-43.250000	-160.000000
1	22.937500	-43.250000	-160.000000
1	22.937500	-43.250000	-160.000000
1	22.937500	-43.250000	-160.000000
1	22.937500	-43.250000	-160.000000
1	22.937500	-43.250000	-160.000000
1	22.937500	-43.250000	-160.000000
1	22.937500	-43.250000	-160.000000
1	22.937500	-43.250000	-160.000000
1	22.937500	-43.250000	-160.000000
1	22.937500	-43.250000	-160.000000
1	22.937500	-43.250000	-160.000000
1	22.562500	-43.250000	-158.375000
1	22.562500	-43.250000	-158.375000
1	22.562500	-43.250000	-158.375000
1	22.562500	-43.250000	-158.375000
1	22.562500	-43.250000	-158.375000
1	22.562500	-43.250000	-158.375000
1	22.562500	-43.250000	-158.375000
1	22.562500	-43.250000	-158.375000
1	22.562500	-43.250000	-158.375000
1	22.562500	-43.250000	-158.375000
1	22.562500	-43.250000	-158.375000
1	22.562500	-43.250000	-158.375000
1	22.562500	-43.250000	-158.375000
1	22.562500	-43.250000	-158.375000
1	22.562500	-43.250000	-158.375000
1	22.562500	-43.250000	-158.375000
1	22.562500	-43.250000	-158.375000
1	22.562500	-43.250000	-158.375000
1	22.562500	-43.250000	-158.375000
1	22.562500	-43.250000	-158.375000
1	22.562500	-43.250000	-158.375000
1	22.562500	-43.250000	-158.375000
1	22.562500	-43.250000	-158.375000
1	22.562500	-43.250000	-158.375000
1	22.562500	-43.250000	-158.375000
1	22.562500	-43.250000	-158.375000
1	22.562500	-43.250000	-158.375000
1	22.562500	-43.250000	-158.375000
1	22.562500	-43.250000	-158.375000
1	22.562500	-43.250000	-158.375000
1	22.187500	-42.500000	-159.562500
1	22.187500	-42.500000	-159.562500
1	22.187500	-42.500000	-159.562500
1	22.187500	-42.500000	-159.562500
1	22.187500	-42.500000	-159.562500
1	22.187500	-42.500000	-159.562500
1	22.187500	-42.500000	-159.562500
1	22.187500	-42.500000	-159.562500
1	22.187500	-42.500000	-159.562500
1	22.187500	-42.500000	-159.562500
1	22.187500	-42.500000	-159.562500
1	22.187500	-42.500000	-159.562500
1	22.187500	-42.500000	-159.562500
1	22.187500	-42.500000	-159.562500
1	22.187500	-42.500000	-159.562500
1	22.187500	-42.500000	-159.562500
1	22.187500	-42.500000	-159.562500
1	22.187500	-42.500000	-159.562500
1	22.187500	-42.500000	-159.562500
1	22.187500	-42.500000	-159.562500
1	22.187500	-42.500000	-159.562500
1	22.187500	-42.500000	-159.562500
1	22.187500	-42.500000	-159.562500
1	22.187500	-42.500000	-159.562500
1	22.187500	-42.500000	-159.562500
1	22.187500	-42.500000	-159.562500
1	22.187500	-42.500000	-159.562500
1	22.187500	-42.500000	-159.562500
1	22.187500	-42.500000	-159.562500
1	22.187500	-42.500000	-159.562500
1	22.187500	-42.500000	-159.562500
1	23.687500	-43.250000	-158.812500
1	23.687500	-43.250000	-158.812500
1	23.687500	-43.250000	-158.812500
1	23.687500	-43.250000	-158.812500
1	23.687500	-43.250000	-158.812500
1	23.687500	-43.250000	-158.812500
1	23.687500	-43.250000	-158.812500
1	23.687500	-43.250000	-158.812500
1	23.687500	-43.250000	-158.812500
1	23.687500	-43.250000	-158.812500
1	23.687500	-43.250000	-158.812500
1	23.687500	-43.250000	-158.812500
1	23.687500	-43.250000	-158.812500
1	23.687500	-43.250000	-158.812500
1	23.687500	-43.250000	-158.812500
1	23.687500	-43.250000	-158.812500
1	23.687500	-43.250000	-158.812500
1	23.687500	-43.250000	-158.812500
1	23.687500	-43.250000	-158.812500
1	23.687500	-43.250000	-158.812500
1	23.687500	-43.250000	-158.812500
1	23.687500	-43.250000	-158.812500
1	23.687500	-43.250000	-158.812500
1	23.687500	-43.250000	-158.812500
1	23.687500	-43.250000	-158.812500
1	23.687500	-43.250000	-158.812500
1	23.687500	-43.250000	-158.812500
1	23.687500	-43.250000	-158.812500
1	23.687500	-43.250000	-158.812500
1	23.687500	-43.250000	-158.812500
1	23.687500	-43.250000	-158.812500
1	22.937500	-42.875000	-158.812500
1	22.937500	-42.875000	-158.812500
1	22.937500	-42.875000	-158.812500
1	22.937500	-42.875000	-158.812500
1	22.937500	-42.875000	-158.812500
1	22.937500	-42.875000	-158.812500
1	22.937500	-42.875000	-158.812500
1	22.937500	-42.875000	-158.812500
1	22.937500	-42.875000	-158.812500
1	22.937500	-42.875000	-158.812500
1	22.937500	-42.875000	-158.812500
1	22.937500	-42.875000	-158.812500
1	22.937500	-42.875000	-158.812500
1	22.937500	-42.875000	-158.812500
1	22.937500	-42.875000	-158.812500
1	22.937500	-42.875000	-158.812500
1	22.937500	-42.875000	-158.812500
1	22.937500	-42.875000	-158.812500
1	22.937500	-42.875000	-158.812500
1	22.937500	-42.875000	-158.812500
1	22.937500	-42.875000	-158.812500
1	22.937500	-42.875000	-158.812500
1	22.937500	-42.875000	-158.812500
1	22.937500	-42.875000	-158.812500
1	22.937500	-42.875000	-158.812500
1	22.937500	-42.875000	-158.812500
1	22.937500	-42.875000	-158.812500
1	22.937500	-42.875000	-158.812500
1	22.937500	-42.875000	-158.812500
1	22.937500	-42.875000	-158.812500
1	22.937500	-41.000000	-160.437500
1	22.937500	-41.000000	-160.437500
1	22.937500	-41.000000	-160.437500
1	22.937500	-41.000000	-160.437500
1	22.937500	-41.000000	-160.437500
1	22.937500	-41.000000	-160.437500
1	22.937500	-41.000000	-160.437500
1	22.937500	-41.000000	-160.437500
1	22.937500	-41.000000	-160.437500
1	22.937500	-41.000000	-160.437500
1	22.937500	-41.000000	-160.437500
1	22.937500	-41.000000	-160.437500
1	22.937500	-41.000000	-160.437500
1	22.937500	-41.000000	-160.437500
1	22.937500	-41.000000	-160.437500
1	22.937500	-41.000000	-160.437500
1	22.937500	-41.000000	-160.437500
1	22.937500	-41.000000	-160.437500
1	22.937500	-41.000000	-160.437500
1	22.937500	-41.000000	-160.437500
1	22.937500	-41.000000	-160.437500
1	22.937500	-41.000000	-160.437500
1	22.937500	-41.000000	-160.437500
1	22.937500	-41.000000	-160.437500
1	22.937500	-41.000000	-160.437500
1	22.937500	-41.000000	-160.437500
1	22.937500	-41.000000	-160.437500
1	22.937500	-41.000000	-160.437500
1	22.937500	-41.000000	-160.437500
1	22.937500	-41.000000	-160.437500
1	22.937500	-41.000000	-160.437500
1	22.937500	-42.125000	-158.000000
1	22.937500	-42.125000	-158.000000
1	22.937500	-42.125000	-158.000000
1	22.937500	-42.125000	-158.000000
1	22.937500	-42.125000	-158.000000
1	22.937500	-42.125000	-158.000000
1	22.937500	-42.125000	-158.000000
1	22.937500	-42.125000	-158.000000
1	22.937500	-42.125000	-158.000000
1	22.937500	-42.125000	-158.000000
1	22.937500	-42.125000	-158.000000
1	22.937500	-42.125000	-158.000000
1	22.937500	-42.125000	-158.000000
1	22.937500	-42.125000	-158.000000
1	22.937500	-42.125000	-158.000000
1	22.937500	-42.125000	-158.000000
1	22.937500	-42.125000	-158.000000
1	22.937500	-42.125000	-158.000000
1	22.937500	-42.125000	-158.000000
1	22.937500	-42.125000	-158.000000
1	22.937500	-42.125000	-158.000000
1	22.937500	-42.125000	-158.000000
1	22.937500	-42.125000	-158.000000
1	22.937500	-42.125000	-158.000000
1	22.937500	-42.125000	-158.000000
1	22.937500	-42.125000	-158.000000
1	22.937500	-42.125000	-158.000000
1	22.937500	-42.125000	-158.000000
1	22.937500	-42.125000	-158.000000
1	22.937500	-42.125000	-158.000000
1	22.937500	-42.125000	-158.000000
1	24.000000	-43.250000	-159.187500
1	24.000000	-43.250000	-159.187500
1	24.000000	-43.250000	-159.187500
1	24.000000	-43.250000	-159.187500
1	24.000000	-43.250000	-159.187500
1	24.000000	-43.250000	-159.187500
1	24.000000	-43.250000	-159.187500
1	24.000000	-43.250000	-159.187500
1	24.000000	-43.250000	-159.187500
1	24.000000	-43.250000	-159.187500
1	24.000000	-43.250000	-159.187500
1	24.000000	-43.250000	-159.187500
1	24.000000	-43.250000	-159.187500
1	24.000000	-43.250000	-159.187500
1	24.000000	-43.250000	-159.187500
1	24.000000	-43.250000	-159.187500
1	24.000000	-43.250000	-159.187500
1	24.000000	-43.250000	-159.187500
1	24.000000	-43.250000	-159.187500
1	24.000000	-43.250000	-159.187500
1	24.000000	-43.250000	-159.187500
1	24.000000	-43.250000	-159.187500
1	24.000000	-43.250000	-159.187500
1	24.000000	-43.250000	-159.187500
1	24.000000	-43.250000	-159.187500
1	24.000000	-43.250000	-159.187500
1	24.000000	-43.250000	-159.187500
1	24.000000	-43.250000	-159.187500
1	24.000000	-43.250000	-159.187500
1	24.000000	-43.250000	-159.187500
1	22.562500	-44.312500	-158.812500
1	22.562500	-44.312500	-158.812500
1	22.562500	-44.312500	-158.812500
1	22.562500	-44.312500	-158.812500
1	22.562500	-44.312500	-158.812500
1	22.562500	-44.312500	-158.812500
1	22.562500	-44.312500	-158.812500
1	22.562500	-44.312500	-158.812500
1	22.562500	-44.312500	-158.812500
1	22.562500	-44.312500	-158.812500
1	22.562500	-44.312500	-158.812500
1	22.562500	-44.312500	-158.812500
1	22.562500	-44.312500	-158.812500
1	22.562500	-44.312500	-158.812500
1	22.562500	-44.312500	-158.812500
1	22.562500	-44.312500	-158.812500
1	22.562500	-44.312500	-158.812500
1	22.562500	-44.312500	-158.812500
1	22.562500	-44.312500	-158.812500
1	22.562500	-44.312500	-158.812500
1	22.562500	-44.312500	-158.812500
1	22.562500	-44.312500	-158.812500
1	22.562500	-44.312500	-158.812500
1	22.562500	-44.312500	-158.812500
1	22.562500	-44.312500	-158.812500
1	22.562500	-44.312500	-158.812500
1	22.562500	-44.312500	-158.812500
1	22.562500	-44.312500	-158.812500
1	22.562500	-44.312500	-158.812500
1	22.562500	-44.312500	-158.812500
1	22.562500	-44.312500	-158.812500
1	22.187500	-2048.000000	-159.187500
1	22.187500	-2048.000000	-159.187500
1	22.187500	-2048.000000	-159.187500
1	22.187500	-2048.000000	-159.187500
1	22.187500	-2048.000000	-159.187500
1	22.187500	-2048.000000	-159.187500
1	22.187500	-2048.000000	-159.187500
1	22.187500	-2048.000000	-159.187500
1	22.187500	-2048.000000	-159.187500
1	22.187500	-2048.000000	-159.187500
1	22.187500	-2048.000000	-159.187500
1	22.187500	-2048.000000	-159.187500
1	22.187500	-2048.000000	-159.187500
1	22.187500	-2048.000000	-159.187500
1	22.187500	-2048.000000	-159.187500
1	22.187500	-2048.000000	-159.187500
1	22.187500	-2048.000000	-159.187500
1	22.187500	-2048.000000	-159.187500
1	22.187500	-2048.000000	-159.187500
1	22.187500	-2048.000000	-159.187500
1	22.187500	-2048.000000	-159.187500
1	22.187500	-2048.000000	-159.187500
1	22.187500	-2048.000000	-159.187500
1	22.187500	-2048.000000	-159.187500
1	22.187500	-2048.000000	-159.187500
1	22.187500	-2048.000000	-159.187500
1	22.187500	-2048.000000	-159.187500
1	22.187500	-2048.000000	-159.187500
1	22.187500	-2048.000000	-159.187500
1	22.187500	-2048.000000	-159.187500
1	22.187500	-2048.000000	-159.187500
1	24.062500	-40.250000	-158.875000
1	24.062500	-40.250000	-158.875000
1	24.062500	-40.250000	-158.875000
1	24.062500	-40.250000	-158.875000
1	24.062500	-40.250000	-158.875000
1	24.062500	-40.250000	-158.875000
1	24.062500	-40.250000	-158.875000
1	24.062500	-40.250000	-158.875000
1	24.062500	-40.250000	-158.875000
1	24.062500	-40.250000	-158.875000
1	24.062500	-40.250000	-158.875000
1	24.062500	-40.250000	-158.875000
1	24.062500	-40.250000	-158.875000
1	24.062500	-40.250000	-158.875000
1	24.062500	-40.250000	-158.875000
1	24.062500	-40.250000	-158.875000
1	24.062500	-40.250000	-158.875000
1	24.062500	-40.250000	-158.875000
1	24.062500	-40.250000	-158.875000
1	24.062500	-40.250000	-158.875000
1	24.062500	-40.250000	-158.875000
1	24.062500	-40.250000	-158.875000
1	24.062500	-40.250000	-158.875000
1	24.062500	-40.250000	-158.875000
1	24.062500	-40.250000	-158.875000
1	24.062500	-40.250000	-158.875000
1	24.062500	-40.250000	-158.875000
1	24.062500	-40.250000	-158.875000
1	24.062500	-40.250000	-158.875000
1	24.062500	-40.250000	-158.875000
1	24.062500	-40.250000	-158.875000
1	22.187500	-2048.000000	-159.187500
1	22.187500	-2048.000000	-159.187500
1	22.187500	-2048.000000	-159.187500
1	22.187500	-2048.000000	-159.187500
1	22.187500	-2048.000000	-159.187500
1	22.187500	-2048.000000	-159.187500
1	22.187500	-2048.000000	-159.187500
1	22.187500	-2048.000000	-159.187500
1	22.187500	-2048.000000	-159.187500
1	22.187500	-2048.000000	-159.187500
1	22.187500	-2048.000000	-159.187500
1	22.187500	-2048.000000	-159.187500
1	22.187500	-2048.000000	-159.187500
1	22.187500	-2048.000000	-159.187500
1	22.187500	-2048.000000	-159.187500
1	22.187500	-2048.000000	-159.187500
1	22.187500	-2048.000000	-159.187500
1	22.187500	-2048.000000	-159.187500
1	22.187500	-2048.000000	-159.187500
1	22.187500	-2048.000000	-159.187500
1	22.187500	-2048.000000	-159.187500
1	22.187500	-2048.000000	-159.187500
1	22.187500	-2048.000000	-159.187500
1	22.187500	-2048.000000	-159.187500
1	22.187500	-2048.000000	-159.187500
1	22.187500	-2048.000000	-159.187500
1	22.187500	-2048.000000	-159.187500
1	22.187500	-2048.000000	-159.187500
1	22.187500	-2048.000000	-159.187500
1	22.187500	-2048.000000	-159.187500
1	22.562500	-42.875000	-158.812500
1	22.562500	-42.875000	-158.812500
1	22.562500	-42.875000	-158.812500
1	22.562500	-42.875000	-158.812500
1	22.562500	-42.875000	-158.812500
1	22.562500	-42.875000	-158.812500
1	22.562500	-42.875000	-158.812500
1	22.562500	-42.875000	-158.812500
1	22.562500	-42.875000	-158.812500
1	22.562500	-42.875000	-158.812500
1	22.562500	-42.875000	-158.812500
1	22.562500	-42.875000	-158.812500
1	22.562500	-42.875000	-158.812500
1	22.562500	-42.875000	-158.812500
1	22.562500	-42.875000	-158.812500
1	22.562500	-42.875000	-158.812500
1	22.562500	-42.875000	-158.812500
1	22.562500	-42.875000	-158.812500
1	22.562500	-42.875000	-158.812500
1	22.562500	-42.875000	-158.812500
1	22.562500	-42.875000	-158.812500
1	22.562500	-42.875000	-158.812500
1	22.562500	-42.875000	-158.812500
1	22.562500	-42.875000	-158.812500
1	22.562500	-42.875000	-158.812500
1	22.562500	-42.875000	-158.812500
1	22.562500	-42.875000	-158.812500
1	22.562500	-42.875000	-158.812500
1	22.562500	-42.875000	-158.812500
1	22.562500	-42.875000	-158.812500
1	22.562500	-42.875000	-158.812500
1	21.437500	-41.000000	-158.875000
1	21.437500	-41.000000	-158.875000
1	21.437500	-41.000000	-158.875000
1	21.437500	-41.000000	-158.875000
1	21.437500	-41.000000	-158.875000
1	21.437500	-41.000000	-158.875000
1	21.437500	-41.000000	-158.875000
1	21.437500	-41.000000	-158.875000
1	21.437500	-41.000000	-158.875000
1	21.437500	-41.000000	-158.875000
1	21.437500	-41.000000	-158.875000
1	21.437500	-41.000000	-158.875000
1	21.437500	-41.000000	-158.875000
1	21.437500	-41.000000	-158.875000
1	21.437500	-41.000000	-158.875000
1	21.437500	-41.000000	-158.875000
1	21.437500	-41.000000	-158.875000
1	21.437500	-41.000000	-158.875000
1	21.437500	-41.000000	-158.875000
1	21.437500	-41.000000	-158.875000
1	21.437500	-41.000000	-158.875000
1	21.437500	-41.000000	-158.875000
1	21.437500	-41.000000	-158.875000
1	21.437500	-41.000000	-158.875000
1	21.437500	-41.000000	-158.875000
1	21.437500	-41.000000	-158.875000
1	21.437500	-41.000000	-158.875000
1	21.437500	-41.000000	-158.875000
1	21.437500	-41.000000	-158.875000
1	21.437500	-41.000000	-158.875000
1	21.437500	-41.000000	-158.875000
1	21.812500	-42.125000	-159.250000
1	21.812500	-42.125000	-159.250000
1	21.812500	-42.125000	-159.250000
1	21.812500	-42.125000	-159.250000
1	21.812500	-42.125000	-159.250000
1	21.812500	-42.125000	-159.250000
1	21.812500	-42.125000	-159.250000
1	21.812500	-42.125000	-159.250000
1	21.812500	-42.125000	-159.250000
1	21.812500	-42.125000	-159.250000
1	21.812500	-42.125000	-159.250000
1	21.812500	-42.125000	-159.250000
1	21.812500	-42.125000	-159.250000
1	21.812500	-42.125000	-159.250000
1	21.812500	-42.125000	-159.250000
1	21.812500	-42.125000	-159.250000
1	21.812500	-42.125000	-159.250000
1	21.812500	-42.125000	-159.250000
1	21.812500	-42.125000	-159.250000
1	21.812500	-42.125000	-159.250000
1	21.812500	-42.125000	-159.250000
1	21.812500	-42.125000	-159.250000
1	21.812500	-42.125000	-159.250000
1	21.812500	-42.125000	-159.250000
1	21.812500	-42.125000	-159.250000
1	21.812500	-42.125000	-159.250000
1	21.812500	-42.125000	-159.250000
1	21.812500	-42.125000	-159.250000
1	21.812500	-42.125000	-159.250000
1	21.812500	-42.125000	-159.250000
1	21.812500	-42.125000	-159.250000
1	22.937500	-42.875000	-159.250000
1	22.937500	-42.875000	-159.250000
1	22.937500	-42.875000	-159.250000
1	22.937500	-42.875000	-159.250000
1	22.937500	-42.875000	-159.250000
1	22.937500	-42.875000	-159.250000
1	22.937500	-42.875000	-159.250000
1	22.937500	-42.875000	-159.250000
1	22.937500	-42.875000	-159.250000
1	22.937500	-42.875000	-159.250000
1	22.937500	-42.875000	-159.250000
1	22.937500	-42.875000	-159.250000
1	22.937500	-42.875000	-159.250000
1	22.937500	-42.875000	-159.250000
1	22.937500	-42.875000	-159.250000
1	22.937500	-42.875000	-159.250000
1	22.937500	-42.875000	-159.250000
1	22.937500	-42.875000	-159.250000
1	22.937500	-42.875000	-159.250000
1	22.937500	-42.875000	-159.250000
1	22.937500	-42.875000	-159.250000
1	22.937500	-42.875000	-159.250000
1	22.937500	-42.875000	-159.250000
1	22.937500	-42.875000	-159.250000
1	22.937500	-42.875000	-159.250000
1	22.937500	-42.875000	-159.250000
1	22.937500	-42.875000	-159.250000
1	22.937500	-42.875000	-159.250000
1	22.937500	-42.875000	-159.250000
1	22.937500	-42.875000	-159.250000
1	22.937500	-42.875000	-159.250000
1	22.187500	-42.125000	-159.187500
1	22.187500	-42.125000	-159.187500
1	22.187500	-42.125000	-159.187500
1	22.187500	-42.125000	-159.187500
1	22.187500	-42.125000	-159.187500
1	22.187500	-42.125000	-159.187500
1	22.187500	-42.125000	-159.187500
1	22.187500	-42.125000	-159.187500
1	22.187500	-42.125000	-159.187500
1	22.187500	-42.125000	-159.187500
1	22.187500	-42.125000	-159.187500
1	22.187500	-42.125000	-159.187500
1	22.187500	-42.125000	-159.187500
1	22.187500	-42.125000	-159.187500
1	22.187500	-42.125000	-159.187500
1	22.187500	-42.125000	-159.187500
1	22.187500	-42.125000	-159.187500
1	22.187500	-42.125000	-159.187500
1	22.187500	-42.125000	-159.187500
1	22.187500	-42.125000	-159.187500
1	22.187500	-42.125000	-159.187500
1	22.187500	-42.125000	-159.187500
1	22.187500	-42.125000	-159.187500
1	22.187500	-42.125000	-159.187500
1	22.187500	-42.125000	-159.187500
1	22.187500	-42.125000	-159.187500
1	22.187500	-42.125000	-159.187500
1	22.187500	-42.125000	-159.187500
1	22.187500	-42.125000	-159.187500
1	22.187500	-42.125000	-159.187500
1	22.187500	-41.000000	-159.625000
1	22.187500	-41.000000	-159.625000
1	22.187500	-41.000000	-159.625000
1	22.187500	-41.000000	-159.625000
1	22.187500	-41.000000	-159.625000
1	22.187500	-41.000000	-159.625000
1	22.187500	-41.000000	-159.625000
1	22.187500	-41.000000	-159.625000
1	22.187500	-41.000000	-159.625000
1	22.187500	-41.000000	-159.625000
1	22.187500	-41.000000	-159.625000
1	22.187500	-41.000000	-159.625000
1	22.187500	-41.000000	-159.625000
1	22.187500	-41.000000	-159.625000
1	22.187500	-41.000000	-159.625000
1	22.187500	-41.000000	-159.625000
1	22.187500	-41.000000	-159.625000
1	22.187500	-41.000000	-159.625000
1	22.187500	-41.000000	-159.625000
1	22.187500	-41.000000	-159.625000
1	22.187500	-41.000000	-159.625000
1	22.187500	-41.000000	-159.625000
1	22.187500	-41.000000	-159.625000
1	22.187500	-41.000000	-159.625000
1	22.187500	-41.000000	-159.625000
1	22.187500	-41.000000	-159.625000
1	22.187500	-41.000000	-159.625000
1	22.187500	-41.000000	-159.625000
1	22.187500	-41.000000	-159.625000
1	22.187500	-41.000000	-159.625000
1	22.187500	-41.000000	-159.625000
1	22.562500	-42.875000	-160.062500
1	22.562500	-42.875000	-160.062500
1	22.562500	-42.875000	-160.062500
1	22.562500	-42.875000	-160.062500
1	22.562500	-42.875000	-160.062500
1	22.562500	-42.875000	-160.062500
1	22.562500	-42.875000	-160.062500
1	22.562500	-42.875000	-160.062500
1	22.562500	-42.875000	-160.062500
1	22.562500	-42.875000	-160.062500
1	22.562500	-42.875000	-160.062500
1	22.562500	-42.875000	-160.062500
1	22.562500	-42.875000	-160.062500
1	22.562500	-42.875000	-160.062500
1	22.562500	-42.875000	-160.062500
1	22.562500	-42.875000	-160.062500
1	22.562500	-42.875000	-160.062500
1	22.562500	-42.875000	-160.062500
1	22.562500	-42.875000	-160.062500
1	22.562500	-42.875000	-160.062500
1	22.562500	-42.875000	-160.062500
1	22.562500	-42.875000	-160.062500
1	22.562500	-42.875000	-160.062500
1	22.562500	-42.875000	-160.062500
1	22.562500	-42.875000	-160.062500
1	22.562500	-42.875000	-160.062500
1	22.562500	-42.875000	-160.062500
1	22.562500	-42.875000	-160.062500
1	22.562500	-42.875000	-160.062500
1	22.562500	-42.875000	-160.062500
1	22.562500	-42.875000	-160.062500
1	21.437500	-44.000000	-158.437500
1	21.437500	-44.000000	-158.437500
1	21.437500	-44.000000	-158.437500
1	21.437500	-44.000000	-158.437500
1	21.437500	-44.000000	-158.437500
1	21.437500	-44.000000	-158.437500
1	21.437500	-44.000000	-158.437500
1	21.437500	-44.000000	-158.437500
1	21.437500	-44.000000	-158.437500
1	21.437500	-44.000000	-158.437500
1	21.437500	-44.000000	-158.437500
1	21.437500	-44.000000	-158.437500
1	21.437500	-44.000000	-158.437500
1	21.437500	-44.000000	-158.437500
1	21.437500	-44.000000	-158.437500
1	21.437500	-44.000000	-158.437500
1	21.437500	-44.000000	-158.437500
1	21.437500	-44.000000	-158.437500
1	21.437500	-44.000000	-158.437500
1	21.437500	-44.000000	-158.437500
1	21.437500	-44.000000	-158.437500
1	21.437500	-44.000000	-158.437500
1	21.437500	-44.000000	-158.437500
1	21.437500	-44.000000	-158.437500
1	21.437500	-44.000000	-158.437500
1	21.437500	-44.000000	-158.437500
1	21.437500	-44.000000	-158.437500
1	21.437500	-44.000000	-158.437500
1	21.437500	-44.000000	-158.437500
1	21.437500	-44.000000	-158.437500
1	22.187500	-42.875000	-158.875000
1	22.187500	-42.875000	-158.875000
1	22.187500	-42.875000	-158.875000
1	22.187500	-42.875000	-158.875000
1	22.187500	-42.875000	-158.875000
1	22.187500	-42.875000	-158.875000
1	22.187500	-42.875000	-158.875000
1	22.187500	-42.875000	-158.875000
1	22.187500	-42.875000	-158.875000
1	22.187500	-42.875000	-158.875000
1	22.187500	-42.875000	-158.875000
1	22.187500	-42.875000	-158.875000
1	22.187500	-42.875000	-158.875000
1	22.187500	-42.875000	-158.875000
1	22.187500	-42.875000	-158.875000
1	22.187500	-42.875000	-158.875000
1	22.187500	-42.875000	-158.875000
1	22.187500	-42.875000	-158.875000
1	22.187500	-42.875000	-158.875000
1	22.187500	-42.875000	-158.875000
1	22.187500	-42.875000	-158.875000
1	22.187500	-42.875000	-158.875000
1	22.187500	-42.875000	-158.875000
1	22.187500	-42.875000	-158.875000
1	22.187500	-42.875000	-158.875000
1	22.187500	-42.875000	-158.875000
1	22.187500	-42.875000	-158.875000
1	22.187500	-42.875000	-158.875000
1	22.187500	-42.875000	-158.875000
1	22.187500	-42.875000	-158.875000
1	22.187500	-42.875000	-158.875000
1	22.937500	-41.750000	-160.062500
1	22.937500	-41.750000	-160.062500
1	22.937500	-41.750000	-160.062500
1	22.937500	-41.750000	-160.062500
1	22.937500	-41.750000	-160.062500
1	22.937500	-41.750000	-160.062500
1	22.937500	-41.750000	-160.062500
1	22.937500	-41.750000	-160.062500
1	22.937500	-41.750000	-160.062500
1	22.937500	-41.750000	-160.062500
1	22.937500	-41.750000	-160.062500
1	22.937500	-41.750000	-160.062500
1	22.937500	-41.750000	-160.062500
1	22.937500	-41.750000	-160.062500
1	22.937500	-41.750000	-160.062500
1	22.937500	-41.750000	-160.062500
1	22.937500	-41.750000	-160.062500
1	22.937500	-41.750000	-160.062500
1	22.937500	-41.750000	-160.062500
1	22.937500	-41.750000	-160.062500
1	22.937500	-41.750000	-160.062500
1	22.937500	-41.750000	-160.062500
1	22.937500	-41.750000	-160.062500
1	22.937500	-41.750000	-160.062500
1	22.937500	-41.750000	-160.062500
1	22.937500	-41.750000	-160.062500
1	22.937500	-41.750000	-160.062500
1	22.937500	-41.750000	-160.062500
1	22.937500	-41.750000	-160.062500
1	22.937500	-41.750000	-160.062500
1	21.062500	-42.500000	-158.437500
1	21.062500	-42.500000	-158.437500
1	21.062500	-42.500000	-158.437500
1	21.062500	-42.500000	-158.437500
1	21.062500	-42.500000	-158.437500
1	21.062500	-42.500000	-158.437500
1	21.062500	-42.500000	-158.437500
1	21.062500	-42.500000	-158.437500
1	21.062500	-42.500000	-158.437500
1	21.062500	-42.500000	-158.437500
1	21.062500	-42.500000	-158.437500
1	21.062500	-42.500000	-158.437500
1	21.062500	-42.500000	-158.437500
1	21.062500	-42.500000	-158.437500
1	21.062500	-42.500000	-158.437500
1	21.062500	-42.500000	-158.437500
1	21.062500	-42.500000	-158.437500
1	21.062500	-42.500000	-158.437500
1	21.062500	-42.500000	-158.437500
1	21.062500	-42.500000	-158.437500
1	21.062500	-42.500000	-158.437500
1	21.062500	-42.500000	-158.437500
1	21.062500	-42.500000	-158.437500
1	21.062500	-42.500000	-158.437500
1	21.062500	-42.500000	-158.437500
1	21.062500	-42.500000	-158.437500
1	21.062500	-42.500000	-158.437500
1	21.062500	-42.500000	-158.437500
1	21.062500	-42.500000	-158.437500
1	21.062500	-42.500000	-158.437500
1	21.062500	-42.500000	-158.437500
1	23.687500	-41.750000	-158.875000
1	23.687500	-41.750000	-158.875000
1	23.687500	-41.750000	-158.875000
1	23.687500	-41.750000	-158.875000
1	23.687500	-41.750000	-158.875000
1	23.687500	-41.750000	-158.875000
1	23.687500	-41.750000	-158.875000
1	23.687500	-41.750000	-158.875000
1	23.687500	-41.750000	-158.875000
1	23.687500	-41.750000	-158.875000
1	23.687500	-41.750000	-158.875000
1	23.687500	-41.750000	-158.875000
1	23.687500	-41.750000	-158.875000
1	23.687500	-41.750000	-158.875000
1	23.687500	-41.750000	-158.875000
1	23.687500	-41.750000	-158.875000
1	23.687500	-41.750000	-158.875000
1	23.687500	-41.750000	-158.875000
1	23.687500	-41.750000	-158.875000
1	23.687500	-41.750000	-158.875000
1	23.687500	-41.750000	-158.875000
1	23.687500	-41.750000	-158.875000
1	23.687500	-41.750000	-158.875000
1	23.687500	-41.750000	-158.875000
1	23.687500	-41.750000	-158.875000
1	23.687500	-41.750000	-158.875000
1	23.687500	-41.750000	-158.875000
1	23.687500	-41.750000	-158.875000
1	23.687500	-41.750000	-158.875000
1	23.687500	-41.750000	-158.875000
1	23.687500	-41.750000	-158.875000
1	22.937500	-40.625000	-158.875000
1	22.937500	-40.625000	-158.875000
1	22.937500	-40.625000	-158.875000
1	22.937500	-40.625000	-158.875000
1	22.937500	-40.625000	-158.875000
1	22.937500	-40.625000	-158.875000
1	22.937500	-40.625000	-158.875000
1	22.937500	-40.625000	-158.875000
1	22.937500	-40.625000	-158.875000
1	22.937500	-40.625000	-158.875000
1	22.937500	-40.625000	-158.875000
1	22.937500	-40.625000	-158.875000
1	22.937500	-40.625000	-158.875000
1	22.937500	-40.625000	-158.875000
1	22.937500	-40.625000	-158.875000
1	22.937500	-40.625000	-158.875000
1	22.937500	-40.625000	-158.875000
1	22.937500	-40.625000	-158.875000
1	22.937500	-40.625000	-158.875000
1	22.937500	-40.625000	-158.875000
1	22.937500	-40.625000	-158.875000
1	22.937500	-40.625000	-158.875000
1	22.937500	-40.625000	-158.875000
1	22.937500	-40.625000	-158.875000
1	22.937500	-40.625000	-158.875000
1	22.937500	-40.625000	-158.875000
1	22.937500	-40.625000	-158.875000
1	22.937500	-40.625000	-158.875000
1	22.937500	-40.625000	-158.875000
1	22.937500	-40.625000	-158.875000
1	22.937500	-40.625000	-158.875000
1	22.562500	-42.500000	-159.250000
1	22.562500	-42.500000	-159.250000
1	22.562500	-42.500000	-159.250000
1	22.562500	-42.500000	-159.250000
1	22.562500	-42.500000	-159.250000
1	22.562500	-42.500000	-159.250000
1	22.562500	-42.500000	-159.250000
1	22.562500	-42.500000	-159.250000
1	22.562500	-42.500000	-159.250000
1	22.562500	-42.500000	-159.250000
1	22.562500	-42.500000	-159.250000
1	22.562500	-42.500000	-159.250000
1	22.562500	-42.500000	-159.250000
1	22.562500	-42.500000	-159.250000
1	22.562500	-42.500000	-159.250000
1	22.562500	-42.500000	-159.250000
1	22.562500	-42.500000	-159.250000
1	22.562500	-42.500000	-159.250000
1	22.562500	-42.500000	-159.250000
1	22.562500	-42.500000	-159.250000
1	22.562500	-42.500000	-159.250000
1	22.562500	-42.500000	-159.250000
1	22.562500	-42.500000	-159.250000
1	22.562500	-42.500000	-159.250000
1	22.562500	-42.500000	-159.250000
1	22.562500	-42.500000	-159.250000
1	22.562500	-42.500000	-159.250000
1	22.562500	-42.500000	-159.250000
1	22.562500	-42.500000	-159.250000
1	22.562500	-42.500000	-159.250000
1	22.562500	-43.625000	-160.062500
1	22.562500	-43.625000	-160.062500
1	22.562500	-43.625000	-160.062500
1	22.562500	-43.625000	-160.062500
1	22.562500	-43.625000	-160.062500
1	22.562500	-43.625000	-160.062500
1	22.562500	-43.625000	-160.062500
1	22.562500	-43.625000	-160.062500
1	22.562500	-43.625000	-160.062500
1	22.562500	-43.625000	-160.062500
1	22.562500	-43.625000	-160.062500
1	22.562500	-43.625000	-160.062500
1	22.562500	-43.625000	-160.062500
1	22.562500	-43.625000	-160.062500
1	22.562500	-43.625000	-160.062500
1	22.562500	-43.625000	-160.062500
1	22.562500	-43.625000	-160.062500
1	22.562500	-43.625000	-160.062500
1	22.562500	-43.625000	-160.062500
1	22.562500	-43.625000	-160.062500
1	22.562500	-43.625000	-160.062500
1	22.562500	-43.625000	-160.062500
1	22.562500	-43.625000	-160.062500
1	22.562500	-43.625000	-160.062500
1	22.562500	-43.625000	-160.062500
1	22.562500	-43.625000	-160.062500
1	22.562500	-43.625000	-160.062500
1	22.562500	-43.625000	-160.062500
1	22.562500	-43.625000	-160.062500
1	22.562500	-43.625000	-160.062500
1	21.812500	-42.500000	-159.625000
1	21.812500	-42.500000	-159.625000
1	21.812500	-42.500000	-159.625000
1	21.812500	-42.500000	-159.625000
1	21.812500	-42.500000	-159.625000
1	21.812500	-42.500000	-159.625000
1	21.812500	-42.500000	-159.625000
1	21.812500	-42.500000	-159.625000
1	21.812500	-42.500000	-159.625000
1	21.812500	-42.500000	-159.625000
1	21.812500	-42.500000	-159.625000
1	21.812500	-42.500000	-159.625000
1	21.812500	-42.500000	-159.625000
1	21.812500	-42.500000	-159.625000
1	21.812500	-42.500000	-159.625000
1	21.812500	-42.500000	-159.625000
1	21.812500	-42.500000	-159.625000
1	21.812500	-42.500000	-159.625000
1	21.812500	-42.500000	-159.625000
1	21.812500	-42.500000	-159.625000
1	21.812500	-42.500000	-159.625000
1	21.812500	-42.500000	-159.625000
1	21.812500	-42.500000	-159.625000
1	21.812500	-42.500000	-159.625000
1	21.812500	-42.500000	-159.625000
1	21.812500	-42.500000	-159.625000
1	21.812500	-42.500000	-159.625000
1	21.812500	-42.500000	-159.625000
1	21.812500	-42.500000	-159.625000
1	21.812500	-42.500000	-159.625000
1	21.812500	-42.500000	-159.625000
1	21.437500	-40.625000	-158.875000
1	21.437500	-40.625000	-158.875000
1	21.437500	-40.625000	-158.875000
1	21.437500	-40.625000	-158.875000
1	21.437500	-40.625000	-158.875000
1	21.437500	-40.625000	-158.875000
1	21.437500	-40.625000	-158.875000
1	21.437500	-40.625000	-158.875000
1	21.437500	-40.625000	-158.875000
1	21.437500	-40.625000	-158.875000
1	21.437500	-40.625000	-158.875000
1	21.437500	-40.625000	-158.875000
1	21.437500	-40.625000	-158.875000
1	21.437500	-40.625000	-158.875000
1	21.437500	-40.625000	-158.875000
1	21.437500	-40.625000	-158.875000
1	21.437500	-40.625000	-158.875000
1	21.437500	-40.625000	-158.875000
1	21.437500	-40.625000	-158.875000
1	21.437500	-40.625000	-158.875000
1	21.437500	-40.625000	-158.875000
1	21.437500	-40.625000	-158.875000
1	21.437500	-40.625000	-158.875000
1	21.437500	-40.625000	-158.875000
1	21.437500	-40.625000	-158.875000
1	21.437500	-40.625000	-158.875000
1	21.437500	-40.625000	-158.875000
1	21.437500	-40.625000	-158.875000
1	21.437500	-40.625000	-158.875000
1	21.437500	-40.625000	-158.875000
1	21.812500	-42.125000	-158.875000
1	21.812500	-42.125000	-158.875000
1	21.812500	-42.125000	-158.875000
1	21.812500	-42.125000	-158.875000
1	21.812500	-42.125000	-158.875000
1	21.812500	-42.125000	-158.875000
1	21.812500	-42.125000	-158.875000
1	21.812500	-42.125000	-158.875000
1	21.812500	-42.125000	-158.875000
